model	splittype	language	seed	trainsize	evaltype	totalCORRECT	both+featsCORRECT	lemma+neitherCORRECT	bothCORRECT	lemmaCORRECT	featsCORRECT	neitherCORRECT	totalTOTAL	both+featsTOTAL	lemma+neitherTOTAL	bothTOTAL	lemmaTOTAL	featsTOTAL	neitherTOTAL
nonneur	naive_uniform	ar	0	large	dev	283	282	1	46	0	236	1	500	494	6	70	1	424	5
nonneur	naive_uniform	ar	0	small	dev	233	215	18	10	1	205	17	500	382	118	13	5	369	113
nonneur	naive_uniform	ar	1	large	dev	314	314	0	59	0	255	0	500	490	10	89	2	401	8
nonneur	naive_uniform	ar	1	small	dev	266	246	20	10	0	236	20	500	371	129	15	5	356	124
nonneur	naive_uniform	ar	2	large	dev	264	262	2	42	0	220	2	500	482	18	68	2	414	16
nonneur	naive_uniform	ar	2	small	dev	201	180	21	6	1	174	20	500	339	161	9	5	330	156
nonneur	naive_uniform	ar	3	large	dev	266	262	4	41	1	221	3	500	479	21	78	2	401	19
nonneur	naive_uniform	ar	3	small	dev	215	193	22	5	0	188	22	500	350	150	9	7	341	143
nonneur	naive_uniform	ar	4	large	dev	256	254	2	52	1	202	1	500	482	18	81	5	401	13
nonneur	naive_uniform	ar	4	small	dev	212	191	21	7	2	184	19	500	376	124	15	7	361	117
nonneur	naive_uniform	de	0	large	dev	342	342	0	10	0	332	0	500	499	1	17	0	482	1
nonneur	naive_uniform	de	0	small	dev	312	312	0	2	0	310	0	500	499	1	3	0	496	1
nonneur	naive_uniform	de	1	large	dev	329	328	1	12	0	316	1	500	498	2	20	0	478	2
nonneur	naive_uniform	de	1	small	dev	297	296	1	2	0	294	1	500	494	6	2	0	492	6
nonneur	naive_uniform	de	2	large	dev	333	333	0	14	0	319	0	500	497	3	23	0	474	3
nonneur	naive_uniform	de	2	small	dev	317	315	2	4	0	311	2	500	488	12	5	0	483	12
nonneur	naive_uniform	de	3	large	dev	320	319	1	24	0	295	1	500	499	1	35	0	464	1
nonneur	naive_uniform	de	3	small	dev	295	290	5	5	0	285	5	500	490	10	6	0	484	10
nonneur	naive_uniform	de	4	large	dev	352	352	0	15	0	337	0	500	500	0	23	0	477	0
nonneur	naive_uniform	de	4	small	dev	333	333	0	2	0	331	0	500	499	1	3	0	496	1
nonneur	naive_uniform	en	0	large	dev	491	491	0	4	0	487	0	500	500	0	4	0	496	0
nonneur	naive_uniform	en	0	small	dev	461	461	0	0	0	461	0	500	493	7	0	0	493	7
nonneur	naive_uniform	en	1	large	dev	483	483	0	0	0	483	0	500	500	0	0	0	500	0
nonneur	naive_uniform	en	1	small	dev	472	472	0	0	0	472	0	500	500	0	0	0	500	0
nonneur	naive_uniform	en	2	large	dev	490	490	0	2	0	488	0	500	500	0	2	0	498	0
nonneur	naive_uniform	en	2	small	dev	464	464	0	0	0	464	0	500	499	1	0	0	499	1
nonneur	naive_uniform	en	3	large	dev	483	483	0	2	0	481	0	500	500	0	2	0	498	0
nonneur	naive_uniform	en	3	small	dev	461	461	0	0	0	461	0	500	500	0	0	0	500	0
nonneur	naive_uniform	en	4	large	dev	491	491	0	0	0	491	0	500	500	0	0	0	500	0
nonneur	naive_uniform	en	4	small	dev	477	477	0	0	0	477	0	500	500	0	0	0	500	0
nonneur	naive_uniform	es	0	large	dev	408	408	0	68	0	340	0	500	500	0	87	0	413	0
nonneur	naive_uniform	es	0	small	dev	355	339	16	15	1	324	15	500	431	69	19	1	412	68
nonneur	naive_uniform	es	1	large	dev	407	407	0	66	0	341	0	500	500	0	78	0	422	0
nonneur	naive_uniform	es	1	small	dev	355	336	19	18	1	318	18	500	446	54	23	3	423	51
nonneur	naive_uniform	es	2	large	dev	419	419	0	66	0	353	0	500	500	0	79	0	421	0
nonneur	naive_uniform	es	2	small	dev	353	324	29	15	0	309	29	500	412	88	19	0	393	88
nonneur	naive_uniform	es	3	large	dev	402	402	0	56	0	346	0	500	500	0	82	0	418	0
nonneur	naive_uniform	es	3	small	dev	354	337	17	12	0	325	17	500	447	53	23	2	424	51
nonneur	naive_uniform	es	4	large	dev	384	384	0	64	0	320	0	500	500	0	83	0	417	0
nonneur	naive_uniform	es	4	small	dev	351	341	10	15	0	326	10	500	462	38	19	1	443	37
nonneur	naive_uniform	sw	0	large	dev	408	395	13	381	12	14	1	500	482	18	463	17	19	1
nonneur	naive_uniform	sw	0	small	dev	363	331	32	282	30	49	2	500	402	98	348	91	54	7
nonneur	naive_uniform	sw	1	large	dev	398	396	2	384	1	12	1	500	484	16	467	15	17	1
nonneur	naive_uniform	sw	1	small	dev	369	346	23	298	21	48	2	500	418	82	355	76	63	6
nonneur	naive_uniform	sw	2	large	dev	400	397	3	379	3	18	0	500	478	22	454	21	24	1
nonneur	naive_uniform	sw	2	small	dev	394	373	21	327	16	46	5	500	434	66	385	59	49	7
nonneur	naive_uniform	sw	3	large	dev	414	402	12	399	12	3	0	500	474	26	458	25	16	1
nonneur	naive_uniform	sw	3	small	dev	376	354	22	308	21	46	1	500	417	83	357	76	60	7
nonneur	naive_uniform	sw	4	large	dev	401	392	9	386	9	6	0	500	480	20	468	20	12	0
nonneur	naive_uniform	sw	4	small	dev	340	309	31	279	25	30	6	500	386	114	348	106	38	8
nonneur	naive_uniform	tr	0	large	dev	194	183	11	128	10	55	1	500	432	68	277	59	155	9
nonneur	naive_uniform	tr	0	small	dev	87	78	9	23	2	55	7	500	225	275	62	93	163	182
nonneur	naive_uniform	tr	1	large	dev	192	185	7	142	5	43	2	500	419	81	279	63	140	18
nonneur	naive_uniform	tr	1	small	dev	88	78	10	25	6	53	4	500	223	277	67	93	156	184
nonneur	naive_uniform	tr	2	large	dev	182	175	7	126	7	49	0	500	431	69	281	59	150	10
nonneur	naive_uniform	tr	2	small	dev	94	80	14	29	6	51	8	500	212	288	55	111	157	177
nonneur	naive_uniform	tr	3	large	dev	179	166	13	115	13	51	0	500	416	84	263	71	153	13
nonneur	naive_uniform	tr	3	small	dev	89	75	14	20	5	55	9	500	223	277	57	98	166	179
nonneur	naive_uniform	tr	4	large	dev	184	175	9	123	8	52	1	500	420	80	267	67	153	13
nonneur	naive_uniform	tr	4	small	dev	91	77	14	11	5	66	9	500	236	264	47	84	189	180
nonneur	naive_uniform	ar	0	large	test	542	539	3	109	0	430	3	1000	950	50	170	9	780	41
nonneur	naive_uniform	ar	0	small	test	425	390	35	16	2	374	33	1000	714	286	28	17	686	269
nonneur	naive_uniform	ar	1	large	test	572	572	0	101	0	471	0	1000	983	17	155	5	828	12
nonneur	naive_uniform	ar	1	small	test	491	451	40	23	2	428	38	1000	768	232	31	9	737	223
nonneur	naive_uniform	ar	2	large	test	546	544	2	92	0	452	2	1000	980	20	144	5	836	15
nonneur	naive_uniform	ar	2	small	test	417	361	56	19	2	342	54	1000	668	332	31	15	637	317
nonneur	naive_uniform	ar	3	large	test	575	561	14	96	4	465	10	1000	956	44	152	12	804	32
nonneur	naive_uniform	ar	3	small	test	454	385	69	13	3	372	66	1000	659	341	30	16	629	325
nonneur	naive_uniform	ar	4	large	test	562	553	9	95	3	458	6	1000	963	37	170	8	793	29
nonneur	naive_uniform	ar	4	small	test	415	367	48	21	1	346	47	1000	666	334	36	9	630	325
nonneur	naive_uniform	de	0	large	test	696	694	2	26	0	668	2	1000	996	4	48	0	948	4
nonneur	naive_uniform	de	0	small	test	619	617	2	4	0	613	2	1000	996	4	8	0	988	4
nonneur	naive_uniform	de	1	large	test	667	666	1	33	0	633	1	1000	999	1	47	0	952	1
nonneur	naive_uniform	de	1	small	test	600	598	2	15	0	583	2	1000	988	12	21	0	967	12
nonneur	naive_uniform	de	2	large	test	666	664	2	28	0	636	2	1000	997	3	44	0	953	3
nonneur	naive_uniform	de	2	small	test	610	598	12	6	0	592	12	1000	975	25	12	0	963	25
nonneur	naive_uniform	de	3	large	test	659	659	0	24	0	635	0	1000	999	1	39	0	960	1
nonneur	naive_uniform	de	3	small	test	611	605	6	7	0	598	6	1000	977	23	11	0	966	23
nonneur	naive_uniform	de	4	large	test	695	694	1	33	0	661	1	1000	999	1	41	0	958	1
nonneur	naive_uniform	de	4	small	test	632	631	1	5	0	626	1	1000	993	7	6	0	987	7
nonneur	naive_uniform	en	0	large	test	969	969	0	4	0	965	0	1000	1000	0	4	0	996	0
nonneur	naive_uniform	en	0	small	test	931	931	0	0	0	931	0	1000	993	7	0	0	993	7
nonneur	naive_uniform	en	1	large	test	968	968	0	3	0	965	0	1000	1000	0	3	0	997	0
nonneur	naive_uniform	en	1	small	test	943	943	0	0	0	943	0	1000	1000	0	0	0	1000	0
nonneur	naive_uniform	en	2	large	test	973	973	0	4	0	969	0	1000	1000	0	4	0	996	0
nonneur	naive_uniform	en	2	small	test	939	939	0	1	0	938	0	1000	996	4	1	0	995	4
nonneur	naive_uniform	en	3	large	test	971	971	0	5	0	966	0	1000	1000	0	5	0	995	0
nonneur	naive_uniform	en	3	small	test	949	949	0	3	0	946	0	1000	1000	0	3	0	997	0
nonneur	naive_uniform	en	4	large	test	973	973	0	3	0	970	0	1000	1000	0	3	0	997	0
nonneur	naive_uniform	en	4	small	test	943	943	0	1	0	942	0	1000	1000	0	1	0	999	0
nonneur	naive_uniform	es	0	large	test	812	812	0	128	0	684	0	1000	1000	0	155	0	845	0
nonneur	naive_uniform	es	0	small	test	698	661	37	32	0	629	37	1000	861	139	37	4	824	135
nonneur	naive_uniform	es	1	large	test	809	809	0	136	0	673	0	1000	1000	0	170	0	830	0
nonneur	naive_uniform	es	1	small	test	684	659	25	35	1	624	24	1000	874	126	44	6	830	120
nonneur	naive_uniform	es	2	large	test	794	794	0	127	0	667	0	1000	1000	0	171	0	829	0
nonneur	naive_uniform	es	2	small	test	663	626	37	27	2	599	35	1000	868	132	44	8	824	124
nonneur	naive_uniform	es	3	large	test	789	789	0	137	0	652	0	1000	1000	0	171	0	829	0
nonneur	naive_uniform	es	3	small	test	676	656	20	26	1	630	19	1000	910	90	29	2	881	88
nonneur	naive_uniform	es	4	large	test	798	798	0	132	0	666	0	1000	1000	0	169	0	831	0
nonneur	naive_uniform	es	4	small	test	697	674	23	31	1	643	22	1000	911	89	40	3	871	86
nonneur	naive_uniform	sw	0	large	test	817	797	20	776	20	21	0	1000	956	44	924	41	32	3
nonneur	naive_uniform	sw	0	small	test	722	684	38	611	35	73	3	1000	814	186	728	162	86	24
nonneur	naive_uniform	sw	1	large	test	824	815	9	782	8	33	1	1000	970	30	915	28	55	2
nonneur	naive_uniform	sw	1	small	test	734	693	41	569	29	124	12	1000	825	175	672	153	153	22
nonneur	naive_uniform	sw	2	large	test	805	798	7	772	7	26	0	1000	966	34	921	34	45	0
nonneur	naive_uniform	sw	2	small	test	761	716	45	630	40	86	5	1000	852	148	742	138	110	10
nonneur	naive_uniform	sw	3	large	test	795	785	10	763	10	22	0	1000	953	47	907	43	46	4
nonneur	naive_uniform	sw	3	small	test	719	677	42	596	38	81	4	1000	815	185	715	164	100	21
nonneur	naive_uniform	sw	4	large	test	827	806	21	781	21	25	0	1000	963	37	924	37	39	0
nonneur	naive_uniform	sw	4	small	test	724	666	58	579	49	87	9	1000	799	201	692	184	107	17
nonneur	naive_uniform	tr	0	large	test	397	379	18	276	16	103	2	1000	852	148	549	118	303	30
nonneur	naive_uniform	tr	0	small	test	172	149	23	51	7	98	16	1000	430	570	111	199	319	371
nonneur	naive_uniform	tr	1	large	test	413	392	21	272	17	120	4	1000	838	162	545	119	293	43
nonneur	naive_uniform	tr	1	small	test	173	151	22	47	7	104	15	1000	443	557	115	192	328	365
nonneur	naive_uniform	tr	2	large	test	380	362	18	258	14	104	4	1000	838	162	533	139	305	23
nonneur	naive_uniform	tr	2	small	test	171	143	28	43	12	100	16	1000	402	598	108	213	294	385
nonneur	naive_uniform	tr	3	large	test	409	385	24	262	24	123	0	1000	866	134	555	110	311	24
nonneur	naive_uniform	tr	3	small	test	205	167	38	42	6	125	32	1000	443	557	113	187	330	370
nonneur	naive_uniform	tr	4	large	test	396	366	30	282	27	84	3	1000	827	173	536	140	291	33
nonneur	naive_uniform	tr	4	small	test	172	148	24	35	11	113	13	1000	458	542	97	193	361	349
nonneur	naive_weighted	ar	0	large	dev	291	290	1	114	1	176	0	500	486	14	192	7	294	7
nonneur	naive_weighted	ar	0	small	dev	271	271	0	40	0	231	0	500	454	46	69	6	385	40
nonneur	naive_weighted	ar	1	large	dev	276	273	3	114	1	159	2	500	477	23	199	13	278	10
nonneur	naive_weighted	ar	1	small	dev	246	245	1	35	0	210	1	500	442	58	72	13	370	45
nonneur	naive_weighted	ar	2	large	dev	283	279	4	110	0	169	4	500	468	32	184	17	284	15
nonneur	naive_weighted	ar	2	small	dev	247	242	5	27	0	215	5	500	445	55	56	14	389	41
nonneur	naive_weighted	ar	3	large	dev	279	279	0	114	0	165	0	500	483	17	189	8	294	9
nonneur	naive_weighted	ar	3	small	dev	245	241	4	35	0	206	4	500	443	57	59	14	384	43
nonneur	naive_weighted	ar	4	large	dev	286	285	1	114	0	171	1	500	485	15	186	8	299	7
nonneur	naive_weighted	ar	4	small	dev	266	258	8	50	2	208	6	500	443	57	67	9	376	48
nonneur	naive_weighted	de	0	large	dev	403	403	0	116	0	287	0	500	498	2	163	2	335	0
nonneur	naive_weighted	de	0	small	dev	383	383	0	30	0	353	0	500	496	4	50	2	446	2
nonneur	naive_weighted	de	1	large	dev	388	388	0	141	0	247	0	500	500	0	184	0	316	0
nonneur	naive_weighted	de	1	small	dev	374	373	1	48	1	325	0	500	485	15	58	5	427	10
nonneur	naive_weighted	de	2	large	dev	409	409	0	131	0	278	0	500	500	0	168	0	332	0
nonneur	naive_weighted	de	2	small	dev	391	389	2	45	0	344	2	500	492	8	57	2	435	6
nonneur	naive_weighted	de	3	large	dev	393	393	0	145	0	248	0	500	499	1	186	1	313	0
nonneur	naive_weighted	de	3	small	dev	392	388	4	47	2	341	2	500	491	9	63	5	428	4
nonneur	naive_weighted	de	4	large	dev	388	388	0	144	0	244	0	500	499	1	181	1	318	0
nonneur	naive_weighted	de	4	small	dev	366	364	2	49	1	315	1	500	487	13	65	3	422	10
nonneur	naive_weighted	en	0	large	dev	444	444	0	116	0	328	0	500	500	0	150	0	350	0
nonneur	naive_weighted	en	0	small	dev	431	431	0	36	0	395	0	500	500	0	52	0	448	0
nonneur	naive_weighted	en	1	large	dev	452	452	0	135	0	317	0	500	500	0	168	0	332	0
nonneur	naive_weighted	en	1	small	dev	435	435	0	46	0	389	0	500	500	0	65	0	435	0
nonneur	naive_weighted	en	2	large	dev	456	456	0	132	0	324	0	500	500	0	160	0	340	0
nonneur	naive_weighted	en	2	small	dev	438	438	0	39	0	399	0	500	500	0	52	0	448	0
nonneur	naive_weighted	en	3	large	dev	468	468	0	126	0	342	0	500	500	0	143	0	357	0
nonneur	naive_weighted	en	3	small	dev	443	443	0	39	0	404	0	500	500	0	51	0	449	0
nonneur	naive_weighted	en	4	large	dev	453	453	0	139	0	314	0	500	500	0	170	0	330	0
nonneur	naive_weighted	en	4	small	dev	441	441	0	36	0	405	0	500	500	0	51	0	449	0
nonneur	naive_weighted	es	0	large	dev	414	413	1	178	1	235	0	500	488	12	239	11	249	1
nonneur	naive_weighted	es	0	small	dev	362	359	3	84	2	275	1	500	447	53	125	31	322	22
nonneur	naive_weighted	es	1	large	dev	418	418	0	185	0	233	0	500	491	9	245	8	246	1
nonneur	naive_weighted	es	1	small	dev	387	382	5	79	4	303	1	500	461	39	114	25	347	14
nonneur	naive_weighted	es	2	large	dev	397	396	1	196	1	200	0	500	491	9	272	9	219	0
nonneur	naive_weighted	es	2	small	dev	370	370	0	92	0	278	0	500	459	41	141	29	318	12
nonneur	naive_weighted	es	3	large	dev	417	416	1	200	1	216	0	500	491	9	264	9	227	0
nonneur	naive_weighted	es	3	small	dev	377	375	2	88	1	287	1	500	472	28	150	18	322	10
nonneur	naive_weighted	es	4	large	dev	409	408	1	187	1	221	0	500	490	10	261	9	229	1
nonneur	naive_weighted	es	4	small	dev	392	391	1	80	1	311	0	500	461	39	122	30	339	9
nonneur	naive_weighted	sw	0	large	dev	352	340	12	318	11	22	1	500	409	91	380	87	29	4
nonneur	naive_weighted	sw	0	small	dev	292	267	25	214	25	53	0	500	343	157	277	149	66	8
nonneur	naive_weighted	sw	1	large	dev	331	326	5	301	5	25	0	500	394	106	366	104	28	2
nonneur	naive_weighted	sw	1	small	dev	287	268	19	197	18	71	1	500	334	166	244	156	90	10
nonneur	naive_weighted	sw	2	large	dev	324	294	30	274	28	20	2	500	371	129	346	125	25	4
nonneur	naive_weighted	sw	2	small	dev	245	221	24	181	22	40	2	500	281	219	231	196	50	23
nonneur	naive_weighted	sw	3	large	dev	359	349	10	304	10	45	0	500	425	75	378	75	47	0
nonneur	naive_weighted	sw	3	small	dev	306	290	16	202	15	88	1	500	372	128	274	121	98	7
nonneur	naive_weighted	sw	4	large	dev	339	328	11	293	10	35	1	500	399	101	358	98	41	3
nonneur	naive_weighted	sw	4	small	dev	302	294	8	237	7	57	1	500	356	144	292	134	64	10
nonneur	naive_weighted	tr	0	large	dev	403	403	0	270	0	133	0	500	495	5	348	5	147	0
nonneur	naive_weighted	tr	0	small	dev	310	310	0	104	0	206	0	500	470	30	188	24	282	6
nonneur	naive_weighted	tr	1	large	dev	402	400	2	274	2	126	0	500	486	14	348	13	138	1
nonneur	naive_weighted	tr	1	small	dev	319	312	7	104	7	208	0	500	470	30	179	18	291	12
nonneur	naive_weighted	tr	2	large	dev	393	392	1	289	1	103	0	500	487	13	376	11	111	2
nonneur	naive_weighted	tr	2	small	dev	328	328	0	118	0	210	0	500	476	24	189	12	287	12
nonneur	naive_weighted	tr	3	large	dev	382	381	1	275	1	106	0	500	486	14	362	13	124	1
nonneur	naive_weighted	tr	3	small	dev	305	304	1	102	1	202	0	500	472	28	192	16	280	12
nonneur	naive_weighted	tr	4	large	dev	403	403	0	281	0	122	0	500	493	7	355	7	138	0
nonneur	naive_weighted	tr	4	small	dev	303	297	6	103	3	194	3	500	475	25	201	16	274	9
nonneur	naive_weighted	ar	0	large	test	551	547	4	212	3	335	1	1000	969	31	386	17	583	14
nonneur	naive_weighted	ar	0	small	test	499	498	1	65	1	433	0	1000	891	109	122	26	769	83
nonneur	naive_weighted	ar	1	large	test	557	551	6	240	2	311	4	1000	964	36	403	12	561	24
nonneur	naive_weighted	ar	1	small	test	532	528	4	85	1	443	3	1000	895	105	137	23	758	82
nonneur	naive_weighted	ar	2	large	test	567	563	4	233	2	330	2	1000	959	41	381	26	578	15
nonneur	naive_weighted	ar	2	small	test	516	495	21	60	6	435	15	1000	907	93	113	19	794	74
nonneur	naive_weighted	ar	3	large	test	577	577	0	241	0	336	0	1000	982	18	412	8	570	10
nonneur	naive_weighted	ar	3	small	test	532	529	3	87	2	442	1	1000	934	66	147	14	787	52
nonneur	naive_weighted	ar	4	large	test	592	584	8	233	6	351	2	1000	966	34	387	20	579	14
nonneur	naive_weighted	ar	4	small	test	576	558	18	80	2	478	16	1000	900	100	132	21	768	79
nonneur	naive_weighted	de	0	large	test	803	803	0	280	0	523	0	1000	999	1	354	0	645	1
nonneur	naive_weighted	de	0	small	test	764	764	0	89	0	675	0	1000	991	9	121	4	870	5
nonneur	naive_weighted	de	1	large	test	820	820	0	284	0	536	0	1000	999	1	353	1	646	0
nonneur	naive_weighted	de	1	small	test	794	784	10	89	5	695	5	1000	964	36	120	14	844	22
nonneur	naive_weighted	de	2	large	test	794	794	0	295	0	499	0	1000	1000	0	383	0	617	0
nonneur	naive_weighted	de	2	small	test	770	763	7	86	0	677	7	1000	986	14	126	3	860	11
nonneur	naive_weighted	de	3	large	test	813	813	0	281	0	532	0	1000	999	1	355	1	644	0
nonneur	naive_weighted	de	3	small	test	797	796	1	89	0	707	1	1000	989	11	112	5	877	6
nonneur	naive_weighted	de	4	large	test	806	806	0	293	0	513	0	1000	997	3	374	2	623	1
nonneur	naive_weighted	de	4	small	test	760	759	1	90	1	669	0	1000	969	31	125	11	844	20
nonneur	naive_weighted	en	0	large	test	906	906	0	238	0	668	0	1000	1000	0	301	0	699	0
nonneur	naive_weighted	en	0	small	test	867	867	0	79	0	788	0	1000	1000	0	117	0	883	0
nonneur	naive_weighted	en	1	large	test	920	920	0	258	0	662	0	1000	1000	0	311	0	689	0
nonneur	naive_weighted	en	1	small	test	877	877	0	81	0	796	0	1000	1000	0	112	0	888	0
nonneur	naive_weighted	en	2	large	test	904	904	0	252	0	652	0	1000	1000	0	311	0	689	0
nonneur	naive_weighted	en	2	small	test	868	868	0	69	0	799	0	1000	1000	0	93	0	907	0
nonneur	naive_weighted	en	3	large	test	907	907	0	256	0	651	0	1000	1000	0	311	0	689	0
nonneur	naive_weighted	en	3	small	test	858	858	0	74	0	784	0	1000	1000	0	106	0	894	0
nonneur	naive_weighted	en	4	large	test	915	915	0	279	0	636	0	1000	1000	0	329	0	671	0
nonneur	naive_weighted	en	4	small	test	903	903	0	85	0	818	0	1000	1000	0	103	0	897	0
nonneur	naive_weighted	es	0	large	test	809	802	7	399	6	403	1	1000	968	32	532	26	436	6
nonneur	naive_weighted	es	0	small	test	748	746	2	205	2	541	0	1000	897	103	284	71	613	32
nonneur	naive_weighted	es	1	large	test	796	796	0	407	0	389	0	1000	984	16	561	16	423	0
nonneur	naive_weighted	es	1	small	test	736	729	7	202	5	527	2	1000	925	75	304	64	621	11
nonneur	naive_weighted	es	2	large	test	827	826	1	389	1	437	0	1000	989	11	530	11	459	0
nonneur	naive_weighted	es	2	small	test	772	769	3	194	2	575	1	1000	924	76	276	55	648	21
nonneur	naive_weighted	es	3	large	test	805	805	0	392	0	413	0	1000	981	19	530	16	451	3
nonneur	naive_weighted	es	3	small	test	741	737	4	180	3	557	1	1000	926	74	293	52	633	22
nonneur	naive_weighted	es	4	large	test	837	835	2	392	2	443	0	1000	981	19	512	18	469	1
nonneur	naive_weighted	es	4	small	test	780	780	0	188	0	592	0	1000	925	75	263	55	662	20
nonneur	naive_weighted	sw	0	large	test	677	659	18	593	18	66	0	1000	802	198	728	194	74	4
nonneur	naive_weighted	sw	0	small	test	555	517	38	396	33	121	5	1000	665	335	527	313	138	22
nonneur	naive_weighted	sw	1	large	test	646	637	9	599	9	38	0	1000	801	199	752	197	49	2
nonneur	naive_weighted	sw	1	small	test	578	549	29	425	28	124	1	1000	684	316	534	287	150	29
nonneur	naive_weighted	sw	2	large	test	648	595	53	541	51	54	2	1000	744	256	681	248	63	8
nonneur	naive_weighted	sw	2	small	test	505	444	61	332	51	112	10	1000	570	430	432	387	138	43
nonneur	naive_weighted	sw	3	large	test	674	647	27	585	26	62	1	1000	820	180	747	178	73	2
nonneur	naive_weighted	sw	3	small	test	548	519	29	390	24	129	5	1000	707	293	531	269	176	24
nonneur	naive_weighted	sw	4	large	test	694	664	30	597	27	67	3	1000	807	193	723	189	84	4
nonneur	naive_weighted	sw	4	small	test	606	595	11	469	6	126	5	1000	741	259	588	244	153	15
nonneur	naive_weighted	tr	0	large	test	808	808	0	551	0	257	0	1000	986	14	707	10	279	4
nonneur	naive_weighted	tr	0	small	test	623	623	0	215	0	408	0	1000	946	54	362	35	584	19
nonneur	naive_weighted	tr	1	large	test	779	777	2	535	2	242	0	1000	970	30	695	29	275	1
nonneur	naive_weighted	tr	1	small	test	642	631	11	237	7	394	4	1000	946	54	395	35	551	19
nonneur	naive_weighted	tr	2	large	test	820	820	0	591	0	229	0	1000	981	19	728	18	253	1
nonneur	naive_weighted	tr	2	small	test	643	640	3	239	0	401	3	1000	951	49	385	24	566	25
nonneur	naive_weighted	tr	3	large	test	780	778	2	536	2	242	0	1000	978	22	711	20	267	2
nonneur	naive_weighted	tr	3	small	test	612	612	0	191	0	421	0	1000	934	66	358	40	576	26
nonneur	naive_weighted	tr	4	large	test	797	796	1	535	1	261	0	1000	981	19	690	17	291	2
nonneur	naive_weighted	tr	4	small	test	634	630	4	204	2	426	2	1000	966	34	390	19	576	15
nonneur	overlap_aware	ar	0	large	dev	160	159	1	31	0	128	1	500	281	219	56	52	225	167
nonneur	overlap_aware	ar	0	small	dev	121	116	5	6	0	110	5	500	214	286	8	24	206	262
nonneur	overlap_aware	ar	1	large	dev	64	62	2	20	0	42	2	500	155	345	47	111	108	234
nonneur	overlap_aware	ar	1	small	dev	59	54	5	5	0	49	5	500	135	365	15	37	120	328
nonneur	overlap_aware	ar	2	large	dev	128	125	3	18	0	107	3	500	231	269	49	71	182	198
nonneur	overlap_aware	ar	2	small	dev	105	98	7	4	0	94	7	500	199	301	17	26	182	275
nonneur	overlap_aware	ar	3	large	dev	127	105	22	20	7	85	15	500	193	307	39	94	154	213
nonneur	overlap_aware	ar	3	small	dev	87	73	14	2	2	71	12	500	144	356	4	38	140	318
nonneur	overlap_aware	ar	4	large	dev	106	99	7	32	2	67	5	500	203	297	69	87	134	210
nonneur	overlap_aware	ar	4	small	dev	86	78	8	6	2	72	6	500	161	339	11	23	150	316
nonneur	overlap_aware	de	0	large	dev	337	133	204	54	58	79	146	500	177	323	69	102	108	221
nonneur	overlap_aware	de	0	small	dev	331	117	214	9	22	108	192	500	163	337	17	35	146	302
nonneur	overlap_aware	de	1	large	dev	309	123	186	45	60	78	126	500	155	345	56	127	99	218
nonneur	overlap_aware	de	1	small	dev	301	115	186	11	18	104	168	500	150	350	15	44	135	306
nonneur	overlap_aware	de	2	large	dev	293	138	155	50	55	88	100	500	189	311	76	120	113	191
nonneur	overlap_aware	de	2	small	dev	297	142	155	16	17	126	138	500	189	311	19	34	170	277
nonneur	overlap_aware	de	3	large	dev	304	194	110	74	23	120	87	500	267	233	109	81	158	152
nonneur	overlap_aware	de	3	small	dev	299	189	110	22	13	167	97	500	262	238	34	35	228	203
nonneur	overlap_aware	de	4	large	dev	307	145	162	31	52	114	110	500	194	306	47	119	147	187
nonneur	overlap_aware	de	4	small	dev	306	144	162	5	15	139	147	500	190	310	10	33	180	277
nonneur	overlap_aware	en	0	large	dev	350	254	96	17	27	237	69	500	262	238	20	68	242	170
nonneur	overlap_aware	en	0	small	dev	348	252	96	5	10	247	86	500	262	238	6	21	256	217
nonneur	overlap_aware	en	1	large	dev	301	300	1	18	0	282	1	500	302	198	18	37	284	161
nonneur	overlap_aware	en	1	small	dev	297	296	1	4	0	292	1	500	302	198	4	12	298	186
nonneur	overlap_aware	en	2	large	dev	432	86	346	13	55	73	291	500	101	399	17	77	84	322
nonneur	overlap_aware	en	2	small	dev	428	82	346	2	18	80	328	500	101	399	2	22	99	377
nonneur	overlap_aware	en	3	large	dev	392	300	92	18	22	282	70	500	318	182	25	48	293	134
nonneur	overlap_aware	en	3	small	dev	392	300	92	2	5	298	87	500	318	182	5	13	313	169
nonneur	overlap_aware	en	4	large	dev	414	66	348	11	71	55	277	500	85	415	17	94	68	321
nonneur	overlap_aware	en	4	small	dev	407	59	348	3	18	56	330	500	85	415	6	25	79	390
nonneur	overlap_aware	es	0	large	dev	189	124	65	98	2	26	63	500	166	334	138	223	28	111
nonneur	overlap_aware	es	0	small	dev	182	117	65	58	2	59	63	500	140	360	75	182	65	178
nonneur	overlap_aware	es	1	large	dev	200	133	67	81	8	52	59	500	189	311	127	213	62	98
nonneur	overlap_aware	es	1	small	dev	192	123	69	36	3	87	66	500	169	331	61	136	108	195
nonneur	overlap_aware	es	2	large	dev	161	112	49	61	0	51	49	500	149	351	94	231	55	120
nonneur	overlap_aware	es	2	small	dev	150	101	49	27	0	74	49	500	134	366	44	142	90	224
nonneur	overlap_aware	es	3	large	dev	207	132	75	88	12	44	63	500	168	332	118	198	50	134
nonneur	overlap_aware	es	3	small	dev	199	126	73	37	7	89	66	500	155	345	45	129	110	216
nonneur	overlap_aware	es	4	large	dev	197	174	23	70	11	104	12	500	212	288	103	195	109	93
nonneur	overlap_aware	es	4	small	dev	176	141	35	19	10	122	25	500	165	335	33	132	132	203
nonneur	overlap_aware	sw	0	large	dev	74	60	14	58	14	2	0	500	74	426	71	415	3	11
nonneur	overlap_aware	sw	0	small	dev	74	60	14	55	10	5	4	500	72	428	65	371	7	57
nonneur	overlap_aware	sw	1	large	dev	99	88	11	85	11	3	0	500	110	390	107	383	3	7
nonneur	overlap_aware	sw	1	small	dev	93	78	15	63	15	15	0	500	102	398	86	364	16	34
nonneur	overlap_aware	sw	2	large	dev	73	53	20	52	17	1	3	500	63	437	62	431	1	6
nonneur	overlap_aware	sw	2	small	dev	71	49	22	44	13	5	9	500	59	441	53	385	6	56
nonneur	overlap_aware	sw	3	large	dev	73	65	8	61	8	4	0	500	77	423	73	414	4	9
nonneur	overlap_aware	sw	3	small	dev	71	61	10	56	9	5	1	500	70	430	64	400	6	30
nonneur	overlap_aware	sw	4	large	dev	59	48	11	47	11	1	0	500	57	443	56	413	1	30
nonneur	overlap_aware	sw	4	small	dev	51	40	11	35	10	5	1	500	50	450	45	378	5	72
nonneur	overlap_aware	tr	0	large	dev	155	153	2	117	2	36	0	500	185	315	139	263	46	52
nonneur	overlap_aware	tr	0	small	dev	127	119	8	50	7	69	1	500	160	340	65	158	95	182
nonneur	overlap_aware	tr	1	large	dev	170	167	3	131	2	36	1	500	217	283	167	229	50	54
nonneur	overlap_aware	tr	1	small	dev	124	115	9	49	3	66	6	500	170	330	65	133	105	197
nonneur	overlap_aware	tr	2	large	dev	197	182	15	141	8	41	7	500	216	284	169	229	47	55
nonneur	overlap_aware	tr	2	small	dev	136	116	20	39	5	77	15	500	155	345	50	168	105	177
nonneur	overlap_aware	tr	3	large	dev	216	203	13	146	7	57	6	500	270	230	201	164	69	66
nonneur	overlap_aware	tr	3	small	dev	144	138	6	51	0	87	6	500	202	298	71	121	131	177
nonneur	overlap_aware	tr	4	large	dev	198	147	51	111	21	36	30	500	166	334	126	250	40	84
nonneur	overlap_aware	tr	4	small	dev	160	104	56	37	15	67	41	500	129	371	45	153	84	218
nonneur	overlap_aware	ar	0	large	test	262	259	3	41	0	218	3	1000	497	503	84	106	413	397
nonneur	overlap_aware	ar	0	small	test	254	247	7	12	0	235	7	1000	486	514	23	33	463	481
nonneur	overlap_aware	ar	1	large	test	253	244	9	50	3	194	6	1000	500	500	114	103	386	397
nonneur	overlap_aware	ar	1	small	test	239	224	15	10	0	214	15	1000	469	531	30	25	439	506
nonneur	overlap_aware	ar	2	large	test	270	270	0	49	0	221	0	1000	500	500	99	114	401	386
nonneur	overlap_aware	ar	2	small	test	258	256	2	12	0	244	2	1000	477	523	29	40	448	483
nonneur	overlap_aware	ar	3	large	test	224	219	5	45	1	174	4	1000	499	501	101	121	398	380
nonneur	overlap_aware	ar	3	small	test	197	193	4	13	0	180	4	1000	479	521	42	42	437	479
nonneur	overlap_aware	ar	4	large	test	277	273	4	63	2	210	2	1000	499	501	122	97	377	404
nonneur	overlap_aware	ar	4	small	test	251	242	9	15	1	227	8	1000	473	527	29	25	444	502
nonneur	overlap_aware	de	0	large	test	701	362	339	132	86	230	253	1000	500	500	187	139	313	361
nonneur	overlap_aware	de	0	small	test	668	327	341	46	23	281	318	1000	496	504	67	37	429	467
nonneur	overlap_aware	de	1	large	test	642	375	267	74	89	301	178	1000	500	500	100	178	400	322
nonneur	overlap_aware	de	1	small	test	652	385	267	21	31	364	236	1000	499	501	30	66	469	435
nonneur	overlap_aware	de	2	large	test	624	370	254	109	72	261	182	1000	500	500	152	165	348	335
nonneur	overlap_aware	de	2	small	test	623	369	254	39	26	330	228	1000	500	500	53	52	447	448
nonneur	overlap_aware	de	3	large	test	585	355	230	113	23	242	207	1000	500	500	178	112	322	388
nonneur	overlap_aware	de	3	small	test	584	354	230	32	10	322	220	1000	500	500	53	36	447	464
nonneur	overlap_aware	de	4	large	test	686	406	280	95	84	311	196	1000	500	500	120	154	380	346
nonneur	overlap_aware	de	4	small	test	673	393	280	18	26	375	254	1000	500	500	32	54	468	446
nonneur	overlap_aware	en	0	large	test	693	477	216	40	48	437	168	1000	500	500	47	114	453	386
nonneur	overlap_aware	en	0	small	test	689	473	216	10	6	463	210	1000	500	500	12	26	488	474
nonneur	overlap_aware	en	1	large	test	496	494	2	48	1	446	1	1000	500	500	49	131	451	369
nonneur	overlap_aware	en	1	small	test	494	492	2	11	0	481	2	1000	500	500	13	26	487	474
nonneur	overlap_aware	en	2	large	test	843	403	440	79	88	324	352	1000	500	500	101	115	399	385
nonneur	overlap_aware	en	2	small	test	823	383	440	15	26	368	414	1000	500	500	22	33	478	467
nonneur	overlap_aware	en	3	large	test	695	463	232	53	46	410	186	1000	500	500	59	124	441	376
nonneur	overlap_aware	en	3	small	test	696	464	232	19	14	445	218	1000	500	500	22	36	478	464
nonneur	overlap_aware	en	4	large	test	874	430	444	82	93	348	351	1000	500	500	102	118	398	382
nonneur	overlap_aware	en	4	small	test	839	395	444	21	22	374	422	1000	500	500	28	30	472	470
nonneur	overlap_aware	es	0	large	test	637	414	223	272	21	142	202	1000	500	500	348	211	152	289
nonneur	overlap_aware	es	0	small	test	633	408	225	163	3	245	222	1000	493	507	216	119	277	388
nonneur	overlap_aware	es	1	large	test	552	416	136	199	14	217	122	1000	500	500	270	291	230	209
nonneur	overlap_aware	es	1	small	test	524	388	136	95	3	293	133	1000	489	511	145	163	344	348
nonneur	overlap_aware	es	2	large	test	512	429	83	225	0	204	83	1000	500	500	273	284	227	216
nonneur	overlap_aware	es	2	small	test	502	417	85	93	1	324	84	1000	490	510	125	154	365	356
nonneur	overlap_aware	es	3	large	test	567	410	157	227	33	183	124	1000	499	501	303	276	196	225
nonneur	overlap_aware	es	3	small	test	542	383	159	102	21	281	138	1000	488	512	160	160	328	352
nonneur	overlap_aware	es	4	large	test	489	436	53	153	33	283	20	1000	500	500	210	339	290	161
nonneur	overlap_aware	es	4	small	test	476	418	58	66	16	352	42	1000	491	509	105	181	386	328
nonneur	overlap_aware	sw	0	large	test	416	392	24	379	23	13	1	1000	492	508	476	496	16	12
nonneur	overlap_aware	sw	0	small	test	381	361	20	308	11	53	9	1000	474	526	407	457	67	69
nonneur	overlap_aware	sw	1	large	test	402	393	9	380	8	13	1	1000	499	501	485	490	14	11
nonneur	overlap_aware	sw	1	small	test	371	351	20	301	16	50	4	1000	474	526	414	480	60	46
nonneur	overlap_aware	sw	2	large	test	417	408	9	394	9	14	0	1000	500	500	485	489	15	11
nonneur	overlap_aware	sw	2	small	test	397	373	24	307	23	66	1	1000	478	522	397	465	81	57
nonneur	overlap_aware	sw	3	large	test	415	401	14	386	14	15	0	1000	495	505	480	492	15	13
nonneur	overlap_aware	sw	3	small	test	403	389	14	346	14	43	0	1000	482	518	423	479	59	39
nonneur	overlap_aware	sw	4	large	test	406	390	16	350	15	40	1	1000	498	502	456	468	42	34
nonneur	overlap_aware	sw	4	small	test	382	362	20	288	19	74	1	1000	478	522	393	445	85	77
nonneur	overlap_aware	tr	0	large	test	439	438	1	303	1	135	0	1000	498	502	353	373	145	129
nonneur	overlap_aware	tr	0	small	test	345	344	1	81	0	263	1	1000	484	516	134	158	350	358
nonneur	overlap_aware	tr	1	large	test	462	450	12	315	8	135	4	1000	499	501	354	388	145	113
nonneur	overlap_aware	tr	1	small	test	378	365	13	92	3	273	10	1000	487	513	132	167	355	346
nonneur	overlap_aware	tr	2	large	test	500	415	85	278	51	137	34	1000	500	500	344	367	156	133
nonneur	overlap_aware	tr	2	small	test	404	315	89	95	22	220	67	1000	484	516	141	155	343	361
nonneur	overlap_aware	tr	3	large	test	452	421	31	296	20	125	11	1000	500	500	355	351	145	149
nonneur	overlap_aware	tr	3	small	test	382	340	42	81	9	259	33	1000	482	518	130	174	352	344
nonneur	overlap_aware	tr	4	large	test	517	445	72	336	44	109	28	1000	500	500	376	346	124	154
nonneur	overlap_aware	tr	4	small	test	431	358	73	132	23	226	50	1000	490	510	175	157	315	353
wuetal	naive_uniform	ar	0	large	dev	441	435	6	67	1	368	5	500	494	6	70	1	424	5
wuetal	naive_uniform	ar	0	small	dev	360	287	73	12	4	275	69	500	382	118	13	5	369	113
wuetal	naive_uniform	ar	1	large	dev	429	423	6	80	2	343	4	500	490	10	89	2	401	8
wuetal	naive_uniform	ar	1	small	dev	334	258	76	12	5	246	71	500	371	129	15	5	356	124
wuetal	naive_uniform	ar	2	large	dev	432	419	13	63	2	356	11	500	482	18	68	2	414	16
wuetal	naive_uniform	ar	2	small	dev	365	257	108	7	4	250	104	500	339	161	9	5	330	156
wuetal	naive_uniform	ar	3	large	dev	436	418	18	73	2	345	16	500	479	21	78	2	401	19
wuetal	naive_uniform	ar	3	small	dev	365	262	103	8	6	254	97	500	350	150	9	7	341	143
wuetal	naive_uniform	ar	4	large	dev	419	405	14	70	4	335	10	500	482	18	81	5	401	13
wuetal	naive_uniform	ar	4	small	dev	363	278	85	10	6	268	79	500	376	124	15	7	361	117
wuetal	naive_uniform	de	0	large	dev	375	375	0	13	0	362	0	500	499	1	17	0	482	1
wuetal	naive_uniform	de	0	small	dev	286	286	0	2	0	284	0	500	499	1	3	0	496	1
wuetal	naive_uniform	de	1	large	dev	350	349	1	15	0	334	1	500	498	2	20	0	478	2
wuetal	naive_uniform	de	1	small	dev	288	287	1	2	0	285	1	500	494	6	2	0	492	6
wuetal	naive_uniform	de	2	large	dev	370	369	1	20	0	349	1	500	497	3	23	0	474	3
wuetal	naive_uniform	de	2	small	dev	308	306	2	5	0	301	2	500	488	12	5	0	483	12
wuetal	naive_uniform	de	3	large	dev	343	342	1	27	0	315	1	500	499	1	35	0	464	1
wuetal	naive_uniform	de	3	small	dev	256	254	2	5	0	249	2	500	490	10	6	0	484	10
wuetal	naive_uniform	de	4	large	dev	370	370	0	19	0	351	0	500	500	0	23	0	477	0
wuetal	naive_uniform	de	4	small	dev	288	288	0	1	0	287	0	500	499	1	3	0	496	1
wuetal	naive_uniform	en	0	large	dev	480	480	0	4	0	476	0	500	500	0	4	0	496	0
wuetal	naive_uniform	en	0	small	dev	441	441	0	0	0	441	0	500	493	7	0	0	493	7
wuetal	naive_uniform	en	1	large	dev	476	476	0	0	0	476	0	500	500	0	0	0	500	0
wuetal	naive_uniform	en	1	small	dev	439	439	0	0	0	439	0	500	500	0	0	0	500	0
wuetal	naive_uniform	en	2	large	dev	477	477	0	2	0	475	0	500	500	0	2	0	498	0
wuetal	naive_uniform	en	2	small	dev	435	435	0	0	0	435	0	500	499	1	0	0	499	1
wuetal	naive_uniform	en	3	large	dev	470	470	0	2	0	468	0	500	500	0	2	0	498	0
wuetal	naive_uniform	en	3	small	dev	441	441	0	0	0	441	0	500	500	0	0	0	500	0
wuetal	naive_uniform	en	4	large	dev	482	482	0	0	0	482	0	500	500	0	0	0	500	0
wuetal	naive_uniform	en	4	small	dev	445	445	0	0	0	445	0	500	500	0	0	0	500	0
wuetal	naive_uniform	es	0	large	dev	427	427	0	76	0	351	0	500	500	0	87	0	413	0
wuetal	naive_uniform	es	0	small	dev	309	285	24	14	0	271	24	500	431	69	19	1	412	68
wuetal	naive_uniform	es	1	large	dev	420	420	0	73	0	347	0	500	500	0	78	0	422	0
wuetal	naive_uniform	es	1	small	dev	307	279	28	16	1	263	27	500	446	54	23	3	423	51
wuetal	naive_uniform	es	2	large	dev	424	424	0	65	0	359	0	500	500	0	79	0	421	0
wuetal	naive_uniform	es	2	small	dev	325	279	46	13	0	266	46	500	412	88	19	0	393	88
wuetal	naive_uniform	es	3	large	dev	416	416	0	65	0	351	0	500	500	0	82	0	418	0
wuetal	naive_uniform	es	3	small	dev	320	281	39	14	1	267	38	500	447	53	23	2	424	51
wuetal	naive_uniform	es	4	large	dev	426	426	0	70	0	356	0	500	500	0	83	0	417	0
wuetal	naive_uniform	es	4	small	dev	316	299	17	14	1	285	16	500	462	38	19	1	443	37
wuetal	naive_uniform	sw	0	large	dev	467	451	16	436	15	15	1	500	482	18	463	17	19	1
wuetal	naive_uniform	sw	0	small	dev	424	347	77	320	76	27	1	500	402	98	348	91	54	7
wuetal	naive_uniform	sw	1	large	dev	463	452	11	445	11	7	0	500	484	16	467	15	17	1
wuetal	naive_uniform	sw	1	small	dev	407	342	65	316	65	26	0	500	418	82	355	76	63	6
wuetal	naive_uniform	sw	2	large	dev	478	460	18	443	18	17	0	500	478	22	454	21	24	1
wuetal	naive_uniform	sw	2	small	dev	438	389	49	358	46	31	3	500	434	66	385	59	49	7
wuetal	naive_uniform	sw	3	large	dev	471	456	15	450	15	6	0	500	474	26	458	25	16	1
wuetal	naive_uniform	sw	3	small	dev	428	362	66	338	66	24	0	500	417	83	357	76	60	7
wuetal	naive_uniform	sw	4	large	dev	455	443	12	438	12	5	0	500	480	20	468	20	12	0
wuetal	naive_uniform	sw	4	small	dev	426	332	94	317	90	15	4	500	386	114	348	106	38	8
wuetal	naive_uniform	tr	0	large	dev	213	198	15	91	13	107	2	500	432	68	277	59	155	9
wuetal	naive_uniform	tr	0	small	dev	159	89	70	16	23	73	47	500	225	275	62	93	163	182
wuetal	naive_uniform	tr	1	large	dev	189	177	12	87	9	90	3	500	419	81	279	63	140	18
wuetal	naive_uniform	tr	1	small	dev	148	85	63	22	11	63	52	500	223	277	67	93	156	184
wuetal	naive_uniform	tr	2	large	dev	211	187	24	83	20	104	4	500	431	69	281	59	150	10
wuetal	naive_uniform	tr	2	small	dev	153	80	73	14	21	66	52	500	212	288	55	111	157	177
wuetal	naive_uniform	tr	3	large	dev	205	183	22	79	20	104	2	500	416	84	263	71	153	13
wuetal	naive_uniform	tr	3	small	dev	158	87	71	12	18	75	53	500	223	277	57	98	166	179
wuetal	naive_uniform	tr	4	large	dev	216	191	25	86	20	105	5	500	420	80	267	67	153	13
wuetal	naive_uniform	tr	4	small	dev	168	101	67	12	19	89	48	500	236	264	47	84	189	180
wuetal	naive_uniform	ar	0	large	test	861	822	39	161	9	661	30	1000	950	50	170	9	780	41
wuetal	naive_uniform	ar	0	small	test	711	522	189	25	14	497	175	1000	714	286	28	17	686	269
wuetal	naive_uniform	ar	1	large	test	872	863	9	144	5	719	4	1000	983	17	155	5	828	12
wuetal	naive_uniform	ar	1	small	test	702	559	143	25	7	534	136	1000	768	232	31	9	737	223
wuetal	naive_uniform	ar	2	large	test	874	860	14	133	4	727	10	1000	980	20	144	5	836	15
wuetal	naive_uniform	ar	2	small	test	717	496	221	24	12	472	209	1000	668	332	31	15	637	317
wuetal	naive_uniform	ar	3	large	test	872	837	35	142	11	695	24	1000	956	44	152	12	804	32
wuetal	naive_uniform	ar	3	small	test	736	506	230	23	13	483	217	1000	659	341	30	16	629	325
wuetal	naive_uniform	ar	4	large	test	851	819	32	156	8	663	24	1000	963	37	170	8	793	29
wuetal	naive_uniform	ar	4	small	test	729	490	239	31	6	459	233	1000	666	334	36	9	630	325
wuetal	naive_uniform	de	0	large	test	750	750	0	30	0	720	0	1000	996	4	48	0	948	4
wuetal	naive_uniform	de	0	small	test	567	567	0	5	0	562	0	1000	996	4	8	0	988	4
wuetal	naive_uniform	de	1	large	test	705	705	0	37	0	668	0	1000	999	1	47	0	952	1
wuetal	naive_uniform	de	1	small	test	590	584	6	16	0	568	6	1000	988	12	21	0	967	12
wuetal	naive_uniform	de	2	large	test	723	721	2	33	0	688	2	1000	997	3	44	0	953	3
wuetal	naive_uniform	de	2	small	test	562	557	5	6	0	551	5	1000	975	25	12	0	963	25
wuetal	naive_uniform	de	3	large	test	720	719	1	30	0	689	1	1000	999	1	39	0	960	1
wuetal	naive_uniform	de	3	small	test	521	514	7	5	0	509	7	1000	977	23	11	0	966	23
wuetal	naive_uniform	de	4	large	test	749	748	1	35	0	713	1	1000	999	1	41	0	958	1
wuetal	naive_uniform	de	4	small	test	552	551	1	4	0	547	1	1000	993	7	6	0	987	7
wuetal	naive_uniform	en	0	large	test	956	956	0	4	0	952	0	1000	1000	0	4	0	996	0
wuetal	naive_uniform	en	0	small	test	885	885	0	0	0	885	0	1000	993	7	0	0	993	7
wuetal	naive_uniform	en	1	large	test	956	956	0	3	0	953	0	1000	1000	0	3	0	997	0
wuetal	naive_uniform	en	1	small	test	905	905	0	0	0	905	0	1000	1000	0	0	0	1000	0
wuetal	naive_uniform	en	2	large	test	961	961	0	4	0	957	0	1000	1000	0	4	0	996	0
wuetal	naive_uniform	en	2	small	test	901	901	0	1	0	900	0	1000	996	4	1	0	995	4
wuetal	naive_uniform	en	3	large	test	945	945	0	4	0	941	0	1000	1000	0	5	0	995	0
wuetal	naive_uniform	en	3	small	test	873	873	0	2	0	871	0	1000	1000	0	3	0	997	0
wuetal	naive_uniform	en	4	large	test	951	951	0	3	0	948	0	1000	1000	0	3	0	997	0
wuetal	naive_uniform	en	4	small	test	875	875	0	1	0	874	0	1000	1000	0	1	0	999	0
wuetal	naive_uniform	es	0	large	test	848	848	0	135	0	713	0	1000	1000	0	155	0	845	0
wuetal	naive_uniform	es	0	small	test	589	550	39	30	1	520	38	1000	861	139	37	4	824	135
wuetal	naive_uniform	es	1	large	test	838	838	0	150	0	688	0	1000	1000	0	170	0	830	0
wuetal	naive_uniform	es	1	small	test	586	528	58	26	2	502	56	1000	874	126	44	6	830	120
wuetal	naive_uniform	es	2	large	test	843	843	0	145	0	698	0	1000	1000	0	171	0	829	0
wuetal	naive_uniform	es	2	small	test	641	556	85	25	5	531	80	1000	868	132	44	8	824	124
wuetal	naive_uniform	es	3	large	test	837	837	0	149	0	688	0	1000	1000	0	171	0	829	0
wuetal	naive_uniform	es	3	small	test	604	554	50	24	2	530	48	1000	910	90	29	2	881	88
wuetal	naive_uniform	es	4	large	test	840	840	0	143	0	697	0	1000	1000	0	169	0	831	0
wuetal	naive_uniform	es	4	small	test	625	595	30	25	1	570	29	1000	911	89	40	3	871	86
wuetal	naive_uniform	sw	0	large	test	939	909	30	891	30	18	0	1000	956	44	924	41	32	3
wuetal	naive_uniform	sw	0	small	test	837	713	124	674	122	39	2	1000	814	186	728	162	86	24
wuetal	naive_uniform	sw	1	large	test	921	897	24	865	24	32	0	1000	970	30	915	28	55	2
wuetal	naive_uniform	sw	1	small	test	816	677	139	608	132	69	7	1000	825	175	672	153	153	22
wuetal	naive_uniform	sw	2	large	test	945	916	29	891	29	25	0	1000	966	34	921	34	45	0
wuetal	naive_uniform	sw	2	small	test	849	732	117	686	115	46	2	1000	852	148	742	138	110	10
wuetal	naive_uniform	sw	3	large	test	939	906	33	883	32	23	1	1000	953	47	907	43	46	4
wuetal	naive_uniform	sw	3	small	test	850	710	140	669	137	41	3	1000	815	185	715	164	100	21
wuetal	naive_uniform	sw	4	large	test	925	907	18	885	18	22	0	1000	963	37	924	37	39	0
wuetal	naive_uniform	sw	4	small	test	846	682	164	638	157	44	7	1000	799	201	692	184	107	17
wuetal	naive_uniform	tr	0	large	test	426	380	46	159	32	221	14	1000	852	148	549	118	303	30
wuetal	naive_uniform	tr	0	small	test	332	175	157	33	43	142	114	1000	430	570	111	199	319	371
wuetal	naive_uniform	tr	1	large	test	400	358	42	166	25	192	17	1000	838	162	545	119	293	43
wuetal	naive_uniform	tr	1	small	test	296	168	128	28	43	140	85	1000	443	557	115	192	328	365
wuetal	naive_uniform	tr	2	large	test	398	354	44	153	39	201	5	1000	838	162	533	139	305	23
wuetal	naive_uniform	tr	2	small	test	280	135	145	31	52	104	93	1000	402	598	108	213	294	385
wuetal	naive_uniform	tr	3	large	test	397	364	33	161	28	203	5	1000	866	134	555	110	311	24
wuetal	naive_uniform	tr	3	small	test	301	167	134	27	41	140	93	1000	443	557	113	187	330	370
wuetal	naive_uniform	tr	4	large	test	405	371	34	185	24	186	10	1000	827	173	536	140	291	33
wuetal	naive_uniform	tr	4	small	test	321	192	129	34	50	158	79	1000	458	542	97	193	361	349
wuetal	naive_weighted	ar	0	large	dev	432	424	8	172	6	252	2	500	486	14	192	7	294	7
wuetal	naive_weighted	ar	0	small	dev	364	349	15	55	2	294	13	500	454	46	69	6	385	40
wuetal	naive_weighted	ar	1	large	dev	424	415	9	177	7	238	2	500	477	23	199	13	278	10
wuetal	naive_weighted	ar	1	small	dev	354	333	21	52	7	281	14	500	442	58	72	13	370	45
wuetal	naive_weighted	ar	2	large	dev	424	411	13	164	8	247	5	500	468	32	184	17	284	15
wuetal	naive_weighted	ar	2	small	dev	348	333	15	43	5	290	10	500	445	55	56	14	389	41
wuetal	naive_weighted	ar	3	large	dev	440	428	12	174	7	254	5	500	483	17	189	8	294	9
wuetal	naive_weighted	ar	3	small	dev	339	324	15	42	4	282	11	500	443	57	59	14	384	43
wuetal	naive_weighted	ar	4	large	dev	437	428	9	161	7	267	2	500	485	15	186	8	299	7
wuetal	naive_weighted	ar	4	small	dev	349	329	20	54	2	275	18	500	443	57	67	9	376	48
wuetal	naive_weighted	de	0	large	dev	402	401	1	133	1	268	0	500	498	2	163	2	335	0
wuetal	naive_weighted	de	0	small	dev	309	306	3	34	2	272	1	500	496	4	50	2	446	2
wuetal	naive_weighted	de	1	large	dev	389	389	0	150	0	239	0	500	500	0	184	0	316	0
wuetal	naive_weighted	de	1	small	dev	310	306	4	42	1	264	3	500	485	15	58	5	427	10
wuetal	naive_weighted	de	2	large	dev	404	404	0	137	0	267	0	500	500	0	168	0	332	0
wuetal	naive_weighted	de	2	small	dev	304	300	4	46	2	254	2	500	492	8	57	2	435	6
wuetal	naive_weighted	de	3	large	dev	408	408	0	157	0	251	0	500	499	1	186	1	313	0
wuetal	naive_weighted	de	3	small	dev	291	288	3	44	2	244	1	500	491	9	63	5	428	4
wuetal	naive_weighted	de	4	large	dev	390	389	1	152	1	237	0	500	499	1	181	1	318	0
wuetal	naive_weighted	de	4	small	dev	286	284	2	47	1	237	1	500	487	13	65	3	422	10
wuetal	naive_weighted	en	0	large	dev	448	448	0	128	0	320	0	500	500	0	150	0	350	0
wuetal	naive_weighted	en	0	small	dev	393	393	0	37	0	356	0	500	500	0	52	0	448	0
wuetal	naive_weighted	en	1	large	dev	446	446	0	137	0	309	0	500	500	0	168	0	332	0
wuetal	naive_weighted	en	1	small	dev	379	379	0	45	0	334	0	500	500	0	65	0	435	0
wuetal	naive_weighted	en	2	large	dev	457	457	0	131	0	326	0	500	500	0	160	0	340	0
wuetal	naive_weighted	en	2	small	dev	398	398	0	38	0	360	0	500	500	0	52	0	448	0
wuetal	naive_weighted	en	3	large	dev	466	466	0	129	0	337	0	500	500	0	143	0	357	0
wuetal	naive_weighted	en	3	small	dev	414	414	0	36	0	378	0	500	500	0	51	0	449	0
wuetal	naive_weighted	en	4	large	dev	455	455	0	143	0	312	0	500	500	0	170	0	330	0
wuetal	naive_weighted	en	4	small	dev	395	395	0	35	0	360	0	500	500	0	51	0	449	0
wuetal	naive_weighted	es	0	large	dev	448	446	2	208	2	238	0	500	488	12	239	11	249	1
wuetal	naive_weighted	es	0	small	dev	329	325	4	76	3	249	1	500	447	53	125	31	322	22
wuetal	naive_weighted	es	1	large	dev	454	449	5	217	5	232	0	500	491	9	245	8	246	1
wuetal	naive_weighted	es	1	small	dev	314	300	14	64	9	236	5	500	461	39	114	25	347	14
wuetal	naive_weighted	es	2	large	dev	429	422	7	224	7	198	0	500	491	9	272	9	219	0
wuetal	naive_weighted	es	2	small	dev	335	318	17	89	14	229	3	500	459	41	141	29	318	12
wuetal	naive_weighted	es	3	large	dev	451	448	3	232	3	216	0	500	491	9	264	9	227	0
wuetal	naive_weighted	es	3	small	dev	330	326	4	98	2	228	2	500	472	28	150	18	322	10
wuetal	naive_weighted	es	4	large	dev	427	427	0	221	0	206	0	500	490	10	261	9	229	1
wuetal	naive_weighted	es	4	small	dev	326	319	7	77	5	242	2	500	461	39	122	30	339	9
wuetal	naive_weighted	sw	0	large	dev	460	379	81	357	79	22	2	500	409	91	380	87	29	4
wuetal	naive_weighted	sw	0	small	dev	378	276	102	244	100	32	2	500	343	157	277	149	66	8
wuetal	naive_weighted	sw	1	large	dev	428	353	75	334	75	19	0	500	394	106	366	104	28	2
wuetal	naive_weighted	sw	1	small	dev	355	246	109	209	105	37	4	500	334	166	244	156	90	10
wuetal	naive_weighted	sw	2	large	dev	418	329	89	318	86	11	3	500	371	129	346	125	25	4
wuetal	naive_weighted	sw	2	small	dev	331	227	104	204	99	23	5	500	281	219	231	196	50	23
wuetal	naive_weighted	sw	3	large	dev	432	370	62	342	62	28	0	500	425	75	378	75	47	0
wuetal	naive_weighted	sw	3	small	dev	361	287	74	231	73	56	1	500	372	128	274	121	98	7
wuetal	naive_weighted	sw	4	large	dev	444	366	78	338	76	28	2	500	399	101	358	98	41	3
wuetal	naive_weighted	sw	4	small	dev	380	294	86	262	81	32	5	500	356	144	292	134	64	10
wuetal	naive_weighted	tr	0	large	dev	486	484	2	343	2	141	0	500	495	5	348	5	147	0
wuetal	naive_weighted	tr	0	small	dev	417	396	21	164	17	232	4	500	470	30	188	24	282	6
wuetal	naive_weighted	tr	1	large	dev	473	469	4	341	3	128	1	500	486	14	348	13	138	1
wuetal	naive_weighted	tr	1	small	dev	424	410	14	170	11	240	3	500	470	30	179	18	291	12
wuetal	naive_weighted	tr	2	large	dev	469	467	2	366	1	101	1	500	487	13	376	11	111	2
wuetal	naive_weighted	tr	2	small	dev	438	431	7	174	6	257	1	500	476	24	189	12	287	12
wuetal	naive_weighted	tr	3	large	dev	481	472	9	355	8	117	1	500	486	14	362	13	124	1
wuetal	naive_weighted	tr	3	small	dev	436	426	10	180	8	246	2	500	472	28	192	16	280	12
wuetal	naive_weighted	tr	4	large	dev	479	476	3	344	3	132	0	500	493	7	355	7	138	0
wuetal	naive_weighted	tr	4	small	dev	420	405	15	177	12	228	3	500	475	25	201	16	274	9
wuetal	naive_weighted	ar	0	large	test	875	857	18	349	12	508	6	1000	969	31	386	17	583	14
wuetal	naive_weighted	ar	0	small	test	691	651	40	101	17	550	23	1000	891	109	122	26	769	83
wuetal	naive_weighted	ar	1	large	test	882	864	18	370	8	494	10	1000	964	36	403	12	561	24
wuetal	naive_weighted	ar	1	small	test	739	702	37	117	10	585	27	1000	895	105	137	23	758	82
wuetal	naive_weighted	ar	2	large	test	855	836	19	342	14	494	5	1000	959	41	381	26	578	15
wuetal	naive_weighted	ar	2	small	test	682	656	26	86	8	570	18	1000	907	93	113	19	794	74
wuetal	naive_weighted	ar	3	large	test	870	858	12	365	6	493	6	1000	982	18	412	8	570	10
wuetal	naive_weighted	ar	3	small	test	743	719	24	115	8	604	16	1000	934	66	147	14	787	52
wuetal	naive_weighted	ar	4	large	test	870	853	17	351	13	502	4	1000	966	34	387	20	579	14
wuetal	naive_weighted	ar	4	small	test	725	686	39	100	9	586	30	1000	900	100	132	21	768	79
wuetal	naive_weighted	de	0	large	test	814	814	0	295	0	519	0	1000	999	1	354	0	645	1
wuetal	naive_weighted	de	0	small	test	631	629	2	93	2	536	0	1000	991	9	121	4	870	5
wuetal	naive_weighted	de	1	large	test	838	838	0	311	0	527	0	1000	999	1	353	1	646	0
wuetal	naive_weighted	de	1	small	test	606	595	11	93	7	502	4	1000	964	36	120	14	844	22
wuetal	naive_weighted	de	2	large	test	815	815	0	328	0	487	0	1000	1000	0	383	0	617	0
wuetal	naive_weighted	de	2	small	test	659	657	2	102	1	555	1	1000	986	14	126	3	860	11
wuetal	naive_weighted	de	3	large	test	838	837	1	314	1	523	0	1000	999	1	355	1	644	0
wuetal	naive_weighted	de	3	small	test	645	642	3	93	2	549	1	1000	989	11	112	5	877	6
wuetal	naive_weighted	de	4	large	test	830	828	2	315	2	513	0	1000	997	3	374	2	623	1
wuetal	naive_weighted	de	4	small	test	634	630	4	102	3	528	1	1000	969	31	125	11	844	20
wuetal	naive_weighted	en	0	large	test	915	915	0	256	0	659	0	1000	1000	0	301	0	699	0
wuetal	naive_weighted	en	0	small	test	803	803	0	92	0	711	0	1000	1000	0	117	0	883	0
wuetal	naive_weighted	en	1	large	test	908	908	0	260	0	648	0	1000	1000	0	311	0	689	0
wuetal	naive_weighted	en	1	small	test	786	786	0	78	0	708	0	1000	1000	0	112	0	888	0
wuetal	naive_weighted	en	2	large	test	903	903	0	263	0	640	0	1000	1000	0	311	0	689	0
wuetal	naive_weighted	en	2	small	test	795	795	0	69	0	726	0	1000	1000	0	93	0	907	0
wuetal	naive_weighted	en	3	large	test	916	916	0	273	0	643	0	1000	1000	0	311	0	689	0
wuetal	naive_weighted	en	3	small	test	793	793	0	78	0	715	0	1000	1000	0	106	0	894	0
wuetal	naive_weighted	en	4	large	test	919	919	0	285	0	634	0	1000	1000	0	329	0	671	0
wuetal	naive_weighted	en	4	small	test	799	799	0	82	0	717	0	1000	1000	0	103	0	897	0
wuetal	naive_weighted	es	0	large	test	882	864	18	460	14	404	4	1000	968	32	532	26	436	6
wuetal	naive_weighted	es	0	small	test	658	644	14	199	8	445	6	1000	897	103	284	71	613	32
wuetal	naive_weighted	es	1	large	test	860	849	11	466	11	383	0	1000	984	16	561	16	423	0
wuetal	naive_weighted	es	1	small	test	611	593	18	178	17	415	1	1000	925	75	304	64	621	11
wuetal	naive_weighted	es	2	large	test	883	874	9	444	9	430	0	1000	989	11	530	11	459	0
wuetal	naive_weighted	es	2	small	test	675	660	15	186	11	474	4	1000	924	76	276	55	648	21
wuetal	naive_weighted	es	3	large	test	885	874	11	462	9	412	2	1000	981	19	530	16	451	3
wuetal	naive_weighted	es	3	small	test	637	621	16	171	12	450	4	1000	926	74	293	52	633	22
wuetal	naive_weighted	es	4	large	test	873	862	11	439	10	423	1	1000	981	19	512	18	469	1
wuetal	naive_weighted	es	4	small	test	658	639	19	171	18	468	1	1000	925	75	263	55	662	20
wuetal	naive_weighted	sw	0	large	test	895	727	168	679	166	48	2	1000	802	198	728	194	74	4
wuetal	naive_weighted	sw	0	small	test	720	526	194	455	186	71	8	1000	665	335	527	313	138	22
wuetal	naive_weighted	sw	1	large	test	856	726	130	694	129	32	1	1000	801	199	752	197	49	2
wuetal	naive_weighted	sw	1	small	test	694	515	179	447	167	68	12	1000	684	316	534	287	150	29
wuetal	naive_weighted	sw	2	large	test	867	664	203	624	197	40	6	1000	744	256	681	248	63	8
wuetal	naive_weighted	sw	2	small	test	666	434	232	381	221	53	11	1000	570	430	432	387	138	43
wuetal	naive_weighted	sw	3	large	test	884	724	160	679	159	45	1	1000	820	180	747	178	73	2
wuetal	naive_weighted	sw	3	small	test	701	517	184	437	178	80	6	1000	707	293	531	269	176	24
wuetal	naive_weighted	sw	4	large	test	855	714	141	662	140	52	1	1000	807	193	723	189	84	4
wuetal	naive_weighted	sw	4	small	test	720	576	144	505	140	71	4	1000	741	259	588	244	153	15
wuetal	naive_weighted	tr	0	large	test	968	964	4	697	2	267	2	1000	986	14	707	10	279	4
wuetal	naive_weighted	tr	0	small	test	837	804	33	325	26	479	7	1000	946	54	362	35	584	19
wuetal	naive_weighted	tr	1	large	test	935	929	6	672	6	257	0	1000	970	30	695	29	275	1
wuetal	naive_weighted	tr	1	small	test	810	789	21	359	12	430	9	1000	946	54	395	35	551	19
wuetal	naive_weighted	tr	2	large	test	955	952	3	708	3	244	0	1000	981	19	728	18	253	1
wuetal	naive_weighted	tr	2	small	test	876	860	16	364	7	496	9	1000	951	49	385	24	566	25
wuetal	naive_weighted	tr	3	large	test	959	952	7	694	7	258	0	1000	978	22	711	20	267	2
wuetal	naive_weighted	tr	3	small	test	850	811	39	330	25	481	14	1000	934	66	358	40	576	26
wuetal	naive_weighted	tr	4	large	test	963	958	5	675	4	283	1	1000	981	19	690	17	291	2
wuetal	naive_weighted	tr	4	small	test	838	825	13	344	5	481	8	1000	966	34	390	19	576	15
wuetal	overlap_aware	ar	0	large	dev	358	223	135	46	35	177	100	500	281	219	56	52	225	167
wuetal	overlap_aware	ar	0	small	dev	240	140	100	6	12	134	88	500	214	286	8	24	206	262
wuetal	overlap_aware	ar	1	large	dev	338	126	212	41	72	85	140	500	155	345	47	111	108	234
wuetal	overlap_aware	ar	1	small	dev	236	86	150	10	19	76	131	500	135	365	15	37	120	328
wuetal	overlap_aware	ar	2	large	dev	362	197	165	37	47	160	118	500	231	269	49	71	182	198
wuetal	overlap_aware	ar	2	small	dev	223	120	103	7	9	113	94	500	199	301	17	26	182	275
wuetal	overlap_aware	ar	3	large	dev	342	152	190	31	70	121	120	500	193	307	39	94	154	213
wuetal	overlap_aware	ar	3	small	dev	240	82	158	3	24	79	134	500	144	356	4	38	140	318
wuetal	overlap_aware	ar	4	large	dev	360	164	196	57	63	107	133	500	203	297	69	87	134	210
wuetal	overlap_aware	ar	4	small	dev	222	106	116	7	10	99	106	500	161	339	11	23	150	316
wuetal	overlap_aware	de	0	large	dev	277	141	136	59	52	82	84	500	177	323	69	102	108	221
wuetal	overlap_aware	de	0	small	dev	163	106	57	13	3	93	54	500	163	337	17	35	146	302
wuetal	overlap_aware	de	1	large	dev	233	129	104	45	40	84	64	500	155	345	56	127	99	218
wuetal	overlap_aware	de	1	small	dev	233	115	118	12	14	103	104	500	150	350	15	44	135	306
wuetal	overlap_aware	de	2	large	dev	269	153	116	62	59	91	57	500	189	311	76	120	113	191
wuetal	overlap_aware	de	2	small	dev	260	139	121	16	19	123	102	500	189	311	19	34	170	277
wuetal	overlap_aware	de	3	large	dev	289	217	72	93	33	124	39	500	267	233	109	81	158	152
wuetal	overlap_aware	de	3	small	dev	235	178	57	26	14	152	43	500	262	238	34	35	228	203
wuetal	overlap_aware	de	4	large	dev	204	146	58	30	22	116	36	500	194	306	47	119	147	187
wuetal	overlap_aware	de	4	small	dev	184	115	69	6	10	109	59	500	190	310	10	33	180	277
wuetal	overlap_aware	en	0	large	dev	257	257	0	20	0	237	0	500	262	238	20	68	242	170
wuetal	overlap_aware	en	0	small	dev	244	240	4	4	0	236	4	500	262	238	6	21	256	217
wuetal	overlap_aware	en	1	large	dev	302	302	0	18	0	284	0	500	302	198	18	37	284	161
wuetal	overlap_aware	en	1	small	dev	286	286	0	4	0	282	0	500	302	198	4	12	298	186
wuetal	overlap_aware	en	2	large	dev	89	89	0	13	0	76	0	500	101	399	17	77	84	322
wuetal	overlap_aware	en	2	small	dev	83	83	0	2	0	81	0	500	101	399	2	22	99	377
wuetal	overlap_aware	en	3	large	dev	337	295	42	19	11	276	31	500	318	182	25	48	293	134
wuetal	overlap_aware	en	3	small	dev	313	277	36	1	1	276	35	500	318	182	5	13	313	169
wuetal	overlap_aware	en	4	large	dev	69	69	0	13	0	56	0	500	85	415	17	94	68	321
wuetal	overlap_aware	en	4	small	dev	62	60	2	5	0	55	2	500	85	415	6	25	79	390
wuetal	overlap_aware	es	0	large	dev	256	148	108	123	80	25	28	500	166	334	138	223	28	111
wuetal	overlap_aware	es	0	small	dev	187	115	72	61	50	54	22	500	140	360	75	182	65	178
wuetal	overlap_aware	es	1	large	dev	266	167	99	113	84	54	15	500	189	311	127	213	62	98
wuetal	overlap_aware	es	1	small	dev	204	125	79	41	36	84	43	500	169	331	61	136	108	195
wuetal	overlap_aware	es	2	large	dev	304	135	169	85	85	50	84	500	149	351	94	231	55	120
wuetal	overlap_aware	es	2	small	dev	198	96	102	32	24	64	78	500	134	366	44	142	90	224
wuetal	overlap_aware	es	3	large	dev	241	149	92	105	64	44	28	500	168	332	118	198	50	134
wuetal	overlap_aware	es	3	small	dev	189	115	74	33	18	82	56	500	155	345	45	129	110	216
wuetal	overlap_aware	es	4	large	dev	260	193	67	91	50	102	17	500	212	288	103	195	109	93
wuetal	overlap_aware	es	4	small	dev	165	125	40	22	12	103	28	500	165	335	33	132	132	203
wuetal	overlap_aware	sw	0	large	dev	330	68	262	66	260	2	2	500	74	426	71	415	3	11
wuetal	overlap_aware	sw	0	small	dev	280	57	223	53	217	4	6	500	72	428	65	371	7	57
wuetal	overlap_aware	sw	1	large	dev	384	97	287	94	283	3	4	500	110	390	107	383	3	7
wuetal	overlap_aware	sw	1	small	dev	370	84	286	75	269	9	17	500	102	398	86	364	16	34
wuetal	overlap_aware	sw	2	large	dev	362	60	302	60	300	0	2	500	63	437	62	431	1	6
wuetal	overlap_aware	sw	2	small	dev	325	52	273	49	257	3	16	500	59	441	53	385	6	56
wuetal	overlap_aware	sw	3	large	dev	408	74	334	70	326	4	8	500	77	423	73	414	4	9
wuetal	overlap_aware	sw	3	small	dev	344	64	280	61	273	3	7	500	70	430	64	400	6	30
wuetal	overlap_aware	sw	4	large	dev	334	56	278	55	269	1	9	500	57	443	56	413	1	30
wuetal	overlap_aware	sw	4	small	dev	314	46	268	44	241	2	27	500	50	450	45	378	5	72
wuetal	overlap_aware	tr	0	large	dev	352	180	172	136	145	44	27	500	185	315	139	263	46	52
wuetal	overlap_aware	tr	0	small	dev	278	144	134	59	57	85	77	500	160	340	65	158	95	182
wuetal	overlap_aware	tr	1	large	dev	377	203	174	158	135	45	39	500	217	283	167	229	50	54
wuetal	overlap_aware	tr	1	small	dev	283	149	134	62	56	87	78	500	170	330	65	133	105	197
wuetal	overlap_aware	tr	2	large	dev	364	210	154	165	127	45	27	500	216	284	169	229	47	55
wuetal	overlap_aware	tr	2	small	dev	236	129	107	40	40	89	67	500	155	345	50	168	105	177
wuetal	overlap_aware	tr	3	large	dev	396	252	144	194	106	58	38	500	270	230	201	164	69	66
wuetal	overlap_aware	tr	3	small	dev	249	181	68	65	23	116	45	500	202	298	71	121	131	177
wuetal	overlap_aware	tr	4	large	dev	343	163	180	124	144	39	36	500	166	334	126	250	40	84
wuetal	overlap_aware	tr	4	small	dev	199	114	85	41	35	73	50	500	129	371	45	153	84	218
wuetal	overlap_aware	ar	0	large	test	746	423	323	76	76	347	247	1000	497	503	84	106	413	397
wuetal	overlap_aware	ar	0	small	test	548	329	219	17	20	312	199	1000	486	514	23	33	463	481
wuetal	overlap_aware	ar	1	large	test	793	443	350	104	76	339	274	1000	500	500	114	103	386	397
wuetal	overlap_aware	ar	1	small	test	602	323	279	23	16	300	263	1000	469	531	30	25	439	506
wuetal	overlap_aware	ar	2	large	test	784	429	355	85	75	344	280	1000	500	500	99	114	401	386
wuetal	overlap_aware	ar	2	small	test	618	332	286	21	18	311	268	1000	477	523	29	40	448	483
wuetal	overlap_aware	ar	3	large	test	765	404	361	76	90	328	271	1000	499	501	101	121	398	380
wuetal	overlap_aware	ar	3	small	test	564	285	279	26	27	259	252	1000	479	521	42	42	437	479
wuetal	overlap_aware	ar	4	large	test	799	437	362	108	73	329	289	1000	499	501	122	97	377	404
wuetal	overlap_aware	ar	4	small	test	589	358	231	22	13	336	218	1000	473	527	29	25	444	502
wuetal	overlap_aware	de	0	large	test	608	400	208	166	73	234	135	1000	500	500	187	139	313	361
wuetal	overlap_aware	de	0	small	test	408	312	96	57	9	255	87	1000	496	504	67	37	429	467
wuetal	overlap_aware	de	1	large	test	553	394	159	80	57	314	102	1000	500	500	100	178	400	322
wuetal	overlap_aware	de	1	small	test	502	328	174	22	25	306	149	1000	499	501	30	66	469	435
wuetal	overlap_aware	de	2	large	test	595	408	187	129	77	279	110	1000	500	500	152	165	348	335
wuetal	overlap_aware	de	2	small	test	553	356	197	46	24	310	173	1000	500	500	53	52	447	448
wuetal	overlap_aware	de	3	large	test	541	393	148	140	38	253	110	1000	500	500	178	112	322	388
wuetal	overlap_aware	de	3	small	test	452	321	131	37	8	284	123	1000	500	500	53	36	447	464
wuetal	overlap_aware	de	4	large	test	524	412	112	97	43	315	69	1000	500	500	120	154	380	346
wuetal	overlap_aware	de	4	small	test	471	359	112	19	15	340	97	1000	500	500	32	54	468	446
wuetal	overlap_aware	en	0	large	test	484	484	0	42	0	442	0	1000	500	500	47	114	453	386
wuetal	overlap_aware	en	0	small	test	462	455	7	10	1	445	6	1000	500	500	12	26	488	474
wuetal	overlap_aware	en	1	large	test	497	497	0	48	0	449	0	1000	500	500	49	131	451	369
wuetal	overlap_aware	en	1	small	test	474	474	0	10	0	464	0	1000	500	500	13	26	487	474
wuetal	overlap_aware	en	2	large	test	414	414	0	94	0	320	0	1000	500	500	101	115	399	385
wuetal	overlap_aware	en	2	small	test	376	376	0	17	0	359	0	1000	500	500	22	33	478	467
wuetal	overlap_aware	en	3	large	test	581	468	113	54	28	414	85	1000	500	500	59	124	441	376
wuetal	overlap_aware	en	3	small	test	544	435	109	21	7	414	102	1000	500	500	22	36	478	464
wuetal	overlap_aware	en	4	large	test	438	436	2	89	0	347	2	1000	500	500	102	118	398	382
wuetal	overlap_aware	en	4	small	test	376	376	0	24	0	352	0	1000	500	500	28	30	472	470
wuetal	overlap_aware	es	0	large	test	540	451	89	309	41	142	48	1000	500	500	348	211	152	289
wuetal	overlap_aware	es	0	small	test	438	379	59	167	20	212	39	1000	493	507	216	119	277	388
wuetal	overlap_aware	es	1	large	test	540	450	90	238	55	212	35	1000	500	500	270	291	230	209
wuetal	overlap_aware	es	1	small	test	447	352	95	98	26	254	69	1000	489	511	145	163	344	348
wuetal	overlap_aware	es	2	large	test	692	457	235	245	96	212	139	1000	500	500	273	284	227	216
wuetal	overlap_aware	es	2	small	test	543	379	164	91	34	288	130	1000	490	510	125	154	365	356
wuetal	overlap_aware	es	3	large	test	569	437	132	250	90	187	42	1000	499	501	303	276	196	225
wuetal	overlap_aware	es	3	small	test	454	330	124	96	19	234	105	1000	488	512	160	160	328	352
wuetal	overlap_aware	es	4	large	test	534	452	82	167	57	285	25	1000	500	500	210	339	290	161
wuetal	overlap_aware	es	4	small	test	455	366	89	62	24	304	65	1000	491	509	105	181	386	328
wuetal	overlap_aware	sw	0	large	test	775	457	318	444	315	13	3	1000	492	508	476	496	16	12
wuetal	overlap_aware	sw	0	small	test	667	394	273	354	262	40	11	1000	474	526	407	457	67	69
wuetal	overlap_aware	sw	1	large	test	826	468	358	460	353	8	5	1000	499	501	485	490	14	11
wuetal	overlap_aware	sw	1	small	test	772	410	362	380	346	30	16	1000	474	526	414	480	60	46
wuetal	overlap_aware	sw	2	large	test	836	472	364	463	357	9	7	1000	500	500	485	489	15	11
wuetal	overlap_aware	sw	2	small	test	757	408	349	366	327	42	22	1000	478	522	397	465	81	57
wuetal	overlap_aware	sw	3	large	test	869	459	410	447	403	12	7	1000	495	505	480	492	15	13
wuetal	overlap_aware	sw	3	small	test	764	403	361	380	344	23	17	1000	482	518	423	479	59	39
wuetal	overlap_aware	sw	4	large	test	789	460	329	427	312	33	17	1000	498	502	456	468	42	34
wuetal	overlap_aware	sw	4	small	test	689	389	300	343	279	46	21	1000	478	522	393	445	85	77
wuetal	overlap_aware	tr	0	large	test	764	490	274	348	208	142	66	1000	498	502	353	373	145	129
wuetal	overlap_aware	tr	0	small	test	709	440	269	127	86	313	183	1000	484	516	134	158	350	358
wuetal	overlap_aware	tr	1	large	test	844	487	357	348	276	139	81	1000	499	501	354	388	145	113
wuetal	overlap_aware	tr	1	small	test	768	436	332	122	113	314	219	1000	487	513	132	167	355	346
wuetal	overlap_aware	tr	2	large	test	815	485	330	332	248	153	82	1000	500	500	344	367	156	133
wuetal	overlap_aware	tr	2	small	test	698	430	268	131	90	299	178	1000	484	516	141	155	343	361
wuetal	overlap_aware	tr	3	large	test	775	489	286	348	218	141	68	1000	500	500	355	351	145	149
wuetal	overlap_aware	tr	3	small	test	674	448	226	126	75	322	151	1000	482	518	130	174	352	344
wuetal	overlap_aware	tr	4	large	test	765	495	270	374	199	121	71	1000	500	500	376	346	124	154
wuetal	overlap_aware	tr	4	small	test	628	446	182	162	62	284	120	1000	490	510	175	157	315	353
cluzh-b4	naive_uniform	ar	0	large	dev	438	434	4	66	0	368	4	500	494	6	70	1	424	5
cluzh-b4	naive_uniform	ar	0	small	dev	347	279	68	11	2	268	66	500	382	118	13	5	369	113
cluzh-b4	naive_uniform	ar	1	large	dev	427	420	7	79	2	341	5	500	490	10	89	2	401	8
cluzh-b4	naive_uniform	ar	1	small	dev	359	278	81	12	4	266	77	500	371	129	15	5	356	124
cluzh-b4	naive_uniform	ar	2	large	dev	414	403	11	62	2	341	9	500	482	18	68	2	414	16
cluzh-b4	naive_uniform	ar	2	small	dev	340	241	99	6	2	235	97	500	339	161	9	5	330	156
cluzh-b4	naive_uniform	ar	3	large	dev	422	408	14	70	2	338	12	500	479	21	78	2	401	19
cluzh-b4	naive_uniform	ar	3	small	dev	329	244	85	5	4	239	81	500	350	150	9	7	341	143
cluzh-b4	naive_uniform	ar	4	large	dev	423	410	13	70	4	340	9	500	482	18	81	5	401	13
cluzh-b4	naive_uniform	ar	4	small	dev	344	273	71	11	4	262	67	500	376	124	15	7	361	117
cluzh-b4	naive_uniform	de	0	large	dev	383	382	1	15	0	367	1	500	499	1	17	0	482	1
cluzh-b4	naive_uniform	de	0	small	dev	329	328	1	2	0	326	1	500	499	1	3	0	496	1
cluzh-b4	naive_uniform	de	1	large	dev	378	376	2	17	0	359	2	500	498	2	20	0	478	2
cluzh-b4	naive_uniform	de	1	small	dev	313	310	3	2	0	308	3	500	494	6	2	0	492	6
cluzh-b4	naive_uniform	de	2	large	dev	382	380	2	18	0	362	2	500	497	3	23	0	474	3
cluzh-b4	naive_uniform	de	2	small	dev	309	306	3	3	0	303	3	500	488	12	5	0	483	12
cluzh-b4	naive_uniform	de	3	large	dev	359	358	1	29	0	329	1	500	499	1	35	0	464	1
cluzh-b4	naive_uniform	de	3	small	dev	272	269	3	4	0	265	3	500	490	10	6	0	484	10
cluzh-b4	naive_uniform	de	4	large	dev	392	392	0	20	0	372	0	500	500	0	23	0	477	0
cluzh-b4	naive_uniform	de	4	small	dev	327	327	0	0	0	327	0	500	499	1	3	0	496	1
cluzh-b4	naive_uniform	en	0	large	dev	486	486	0	4	0	482	0	500	500	0	4	0	496	0
cluzh-b4	naive_uniform	en	0	small	dev	478	478	0	0	0	478	0	500	493	7	0	0	493	7
cluzh-b4	naive_uniform	en	1	large	dev	484	484	0	0	0	484	0	500	500	0	0	0	500	0
cluzh-b4	naive_uniform	en	1	small	dev	471	471	0	0	0	471	0	500	500	0	0	0	500	0
cluzh-b4	naive_uniform	en	2	large	dev	487	487	0	2	0	485	0	500	500	0	2	0	498	0
cluzh-b4	naive_uniform	en	2	small	dev	480	480	0	0	0	480	0	500	499	1	0	0	499	1
cluzh-b4	naive_uniform	en	3	large	dev	478	478	0	2	0	476	0	500	500	0	2	0	498	0
cluzh-b4	naive_uniform	en	3	small	dev	469	469	0	0	0	469	0	500	500	0	0	0	500	0
cluzh-b4	naive_uniform	en	4	large	dev	487	487	0	0	0	487	0	500	500	0	0	0	500	0
cluzh-b4	naive_uniform	en	4	small	dev	482	482	0	0	0	482	0	500	500	0	0	0	500	0
cluzh-b4	naive_uniform	es	0	large	dev	449	449	0	78	0	371	0	500	500	0	87	0	413	0
cluzh-b4	naive_uniform	es	0	small	dev	370	356	14	14	0	342	14	500	431	69	19	1	412	68
cluzh-b4	naive_uniform	es	1	large	dev	439	439	0	72	0	367	0	500	500	0	78	0	422	0
cluzh-b4	naive_uniform	es	1	small	dev	351	321	30	18	2	303	28	500	446	54	23	3	423	51
cluzh-b4	naive_uniform	es	2	large	dev	438	438	0	66	0	372	0	500	500	0	79	0	421	0
cluzh-b4	naive_uniform	es	2	small	dev	369	323	46	18	0	305	46	500	412	88	19	0	393	88
cluzh-b4	naive_uniform	es	3	large	dev	444	444	0	70	0	374	0	500	500	0	82	0	418	0
cluzh-b4	naive_uniform	es	3	small	dev	368	330	38	14	1	316	37	500	447	53	23	2	424	51
cluzh-b4	naive_uniform	es	4	large	dev	431	431	0	70	0	361	0	500	500	0	83	0	417	0
cluzh-b4	naive_uniform	es	4	small	dev	364	348	16	14	0	334	16	500	462	38	19	1	443	37
cluzh-b4	naive_uniform	sw	0	large	dev	450	438	12	423	12	15	0	500	482	18	463	17	19	1
cluzh-b4	naive_uniform	sw	0	small	dev	421	366	55	319	55	47	0	500	402	98	348	91	54	7
cluzh-b4	naive_uniform	sw	1	large	dev	450	439	11	428	11	11	0	500	484	16	467	15	17	1
cluzh-b4	naive_uniform	sw	1	small	dev	433	364	69	316	65	48	4	500	418	82	355	76	63	6
cluzh-b4	naive_uniform	sw	2	large	dev	458	443	15	423	15	20	0	500	478	22	454	21	24	1
cluzh-b4	naive_uniform	sw	2	small	dev	421	381	40	338	36	43	4	500	434	66	385	59	49	7
cluzh-b4	naive_uniform	sw	3	large	dev	445	432	13	427	13	5	0	500	474	26	458	25	16	1
cluzh-b4	naive_uniform	sw	3	small	dev	453	390	63	344	62	46	1	500	417	83	357	76	60	7
cluzh-b4	naive_uniform	sw	4	large	dev	448	434	14	426	14	8	0	500	480	20	468	20	12	0
cluzh-b4	naive_uniform	sw	4	small	dev	429	335	94	307	88	28	6	500	386	114	348	106	38	8
cluzh-b4	naive_uniform	tr	0	large	dev	414	358	56	234	51	124	5	500	432	68	277	59	155	9
cluzh-b4	naive_uniform	tr	0	small	dev	192	105	87	35	30	70	57	500	225	275	62	93	163	182
cluzh-b4	naive_uniform	tr	1	large	dev	403	339	64	244	53	95	11	500	419	81	279	63	140	18
cluzh-b4	naive_uniform	tr	1	small	dev	207	118	89	36	33	82	56	500	223	277	67	93	156	184
cluzh-b4	naive_uniform	tr	2	large	dev	410	357	53	240	47	117	6	500	431	69	281	59	150	10
cluzh-b4	naive_uniform	tr	2	small	dev	199	96	103	33	35	63	68	500	212	288	55	111	157	177
cluzh-b4	naive_uniform	tr	3	large	dev	363	308	55	209	50	99	5	500	416	84	263	71	153	13
cluzh-b4	naive_uniform	tr	3	small	dev	196	122	74	30	25	92	49	500	223	277	57	98	166	179
cluzh-b4	naive_uniform	tr	4	large	dev	402	345	57	225	49	120	8	500	420	80	267	67	153	13
cluzh-b4	naive_uniform	tr	4	small	dev	201	118	83	27	26	91	57	500	236	264	47	84	189	180
cluzh-b4	naive_uniform	ar	0	large	test	831	810	21	160	7	650	14	1000	950	50	170	9	780	41
cluzh-b4	naive_uniform	ar	0	small	test	677	496	181	20	11	476	170	1000	714	286	28	17	686	269
cluzh-b4	naive_uniform	ar	1	large	test	850	842	8	142	3	700	5	1000	983	17	155	5	828	12
cluzh-b4	naive_uniform	ar	1	small	test	701	557	144	27	8	530	136	1000	768	232	31	9	737	223
cluzh-b4	naive_uniform	ar	2	large	test	832	821	11	131	3	690	8	1000	980	20	144	5	836	15
cluzh-b4	naive_uniform	ar	2	small	test	692	480	212	23	11	457	201	1000	668	332	31	15	637	317
cluzh-b4	naive_uniform	ar	3	large	test	842	811	31	137	10	674	21	1000	956	44	152	12	804	32
cluzh-b4	naive_uniform	ar	3	small	test	637	461	176	20	8	441	168	1000	659	341	30	16	629	325
cluzh-b4	naive_uniform	ar	4	large	test	837	809	28	148	8	661	20	1000	963	37	170	8	793	29
cluzh-b4	naive_uniform	ar	4	small	test	688	482	206	27	4	455	202	1000	666	334	36	9	630	325
cluzh-b4	naive_uniform	de	0	large	test	733	730	3	33	0	697	3	1000	996	4	48	0	948	4
cluzh-b4	naive_uniform	de	0	small	test	639	638	1	5	0	633	1	1000	996	4	8	0	988	4
cluzh-b4	naive_uniform	de	1	large	test	785	784	1	39	0	745	1	1000	999	1	47	0	952	1
cluzh-b4	naive_uniform	de	1	small	test	642	635	7	16	0	619	7	1000	988	12	21	0	967	12
cluzh-b4	naive_uniform	de	2	large	test	767	765	2	38	0	727	2	1000	997	3	44	0	953	3
cluzh-b4	naive_uniform	de	2	small	test	581	575	6	7	0	568	6	1000	975	25	12	0	963	25
cluzh-b4	naive_uniform	de	3	large	test	754	753	1	30	0	723	1	1000	999	1	39	0	960	1
cluzh-b4	naive_uniform	de	3	small	test	565	558	7	9	0	549	7	1000	977	23	11	0	966	23
cluzh-b4	naive_uniform	de	4	large	test	775	774	1	36	0	738	1	1000	999	1	41	0	958	1
cluzh-b4	naive_uniform	de	4	small	test	624	623	1	3	0	620	1	1000	993	7	6	0	987	7
cluzh-b4	naive_uniform	en	0	large	test	965	965	0	4	0	961	0	1000	1000	0	4	0	996	0
cluzh-b4	naive_uniform	en	0	small	test	941	941	0	0	0	941	0	1000	993	7	0	0	993	7
cluzh-b4	naive_uniform	en	1	large	test	971	971	0	2	0	969	0	1000	1000	0	3	0	997	0
cluzh-b4	naive_uniform	en	1	small	test	942	942	0	0	0	942	0	1000	1000	0	0	0	1000	0
cluzh-b4	naive_uniform	en	2	large	test	964	964	0	4	0	960	0	1000	1000	0	4	0	996	0
cluzh-b4	naive_uniform	en	2	small	test	953	953	0	1	0	952	0	1000	996	4	1	0	995	4
cluzh-b4	naive_uniform	en	3	large	test	969	969	0	5	0	964	0	1000	1000	0	5	0	995	0
cluzh-b4	naive_uniform	en	3	small	test	953	953	0	3	0	950	0	1000	1000	0	3	0	997	0
cluzh-b4	naive_uniform	en	4	large	test	967	967	0	3	0	964	0	1000	1000	0	3	0	997	0
cluzh-b4	naive_uniform	en	4	small	test	954	954	0	1	0	953	0	1000	1000	0	1	0	999	0
cluzh-b4	naive_uniform	es	0	large	test	876	876	0	137	0	739	0	1000	1000	0	155	0	845	0
cluzh-b4	naive_uniform	es	0	small	test	695	669	26	34	2	635	24	1000	861	139	37	4	824	135
cluzh-b4	naive_uniform	es	1	large	test	860	860	0	147	0	713	0	1000	1000	0	170	0	830	0
cluzh-b4	naive_uniform	es	1	small	test	710	644	66	31	2	613	64	1000	874	126	44	6	830	120
cluzh-b4	naive_uniform	es	2	large	test	880	880	0	149	0	731	0	1000	1000	0	171	0	829	0
cluzh-b4	naive_uniform	es	2	small	test	737	649	88	30	5	619	83	1000	868	132	44	8	824	124
cluzh-b4	naive_uniform	es	3	large	test	871	871	0	155	0	716	0	1000	1000	0	171	0	829	0
cluzh-b4	naive_uniform	es	3	small	test	709	661	48	23	2	638	46	1000	910	90	29	2	881	88
cluzh-b4	naive_uniform	es	4	large	test	867	867	0	147	0	720	0	1000	1000	0	169	0	831	0
cluzh-b4	naive_uniform	es	4	small	test	708	677	31	30	1	647	30	1000	911	89	40	3	871	86
cluzh-b4	naive_uniform	sw	0	large	test	886	860	26	838	26	22	0	1000	956	44	924	41	32	3
cluzh-b4	naive_uniform	sw	0	small	test	849	743	106	674	105	69	1	1000	814	186	728	162	86	24
cluzh-b4	naive_uniform	sw	1	large	test	913	890	23	856	23	34	0	1000	970	30	915	28	55	2
cluzh-b4	naive_uniform	sw	1	small	test	881	740	141	617	130	123	11	1000	825	175	672	153	153	22
cluzh-b4	naive_uniform	sw	2	large	test	869	848	21	819	21	29	0	1000	966	34	921	34	45	0
cluzh-b4	naive_uniform	sw	2	small	test	828	741	87	658	86	83	1	1000	852	148	742	138	110	10
cluzh-b4	naive_uniform	sw	3	large	test	882	855	27	837	27	18	0	1000	953	47	907	43	46	4
cluzh-b4	naive_uniform	sw	3	small	test	892	750	142	677	138	73	4	1000	815	185	715	164	100	21
cluzh-b4	naive_uniform	sw	4	large	test	898	877	21	850	21	27	0	1000	963	37	924	37	39	0
cluzh-b4	naive_uniform	sw	4	small	test	852	700	152	614	139	86	13	1000	799	201	692	184	107	17
cluzh-b4	naive_uniform	tr	0	large	test	820	712	108	484	96	228	12	1000	852	148	549	118	303	30
cluzh-b4	naive_uniform	tr	0	small	test	399	218	181	56	69	162	112	1000	430	570	111	199	319	371
cluzh-b4	naive_uniform	tr	1	large	test	779	669	110	466	90	203	20	1000	838	162	545	119	293	43
cluzh-b4	naive_uniform	tr	1	small	test	410	222	188	57	61	165	127	1000	443	557	115	192	328	365
cluzh-b4	naive_uniform	tr	2	large	test	773	655	118	432	105	223	13	1000	838	162	533	139	305	23
cluzh-b4	naive_uniform	tr	2	small	test	424	212	212	63	88	149	124	1000	402	598	108	213	294	385
cluzh-b4	naive_uniform	tr	3	large	test	786	700	86	460	74	240	12	1000	866	134	555	110	311	24
cluzh-b4	naive_uniform	tr	3	small	test	406	236	170	68	57	168	113	1000	443	557	113	187	330	370
cluzh-b4	naive_uniform	tr	4	large	test	825	694	131	462	115	232	16	1000	827	173	536	140	291	33
cluzh-b4	naive_uniform	tr	4	small	test	397	229	168	48	62	181	106	1000	458	542	97	193	361	349
cluzh-b4	naive_weighted	ar	0	large	dev	413	408	5	159	4	249	1	500	486	14	192	7	294	7
cluzh-b4	naive_weighted	ar	0	small	dev	377	362	15	53	2	309	13	500	454	46	69	6	385	40
cluzh-b4	naive_weighted	ar	1	large	dev	404	402	2	170	2	232	0	500	477	23	199	13	278	10
cluzh-b4	naive_weighted	ar	1	small	dev	378	358	20	59	5	299	15	500	442	58	72	13	370	45
cluzh-b4	naive_weighted	ar	2	large	dev	418	408	10	154	5	254	5	500	468	32	184	17	284	15
cluzh-b4	naive_weighted	ar	2	small	dev	362	349	13	41	3	308	10	500	445	55	56	14	389	41
cluzh-b4	naive_weighted	ar	3	large	dev	405	397	8	157	4	240	4	500	483	17	189	8	294	9
cluzh-b4	naive_weighted	ar	3	small	dev	346	339	7	44	3	295	4	500	443	57	59	14	384	43
cluzh-b4	naive_weighted	ar	4	large	dev	418	415	3	150	1	265	2	500	485	15	186	8	299	7
cluzh-b4	naive_weighted	ar	4	small	dev	373	354	19	53	2	301	17	500	443	57	67	9	376	48
cluzh-b4	naive_weighted	de	0	large	dev	438	437	1	140	1	297	0	500	498	2	163	2	335	0
cluzh-b4	naive_weighted	de	0	small	dev	399	398	1	33	1	365	0	500	496	4	50	2	446	2
cluzh-b4	naive_weighted	de	1	large	dev	428	428	0	164	0	264	0	500	500	0	184	0	316	0
cluzh-b4	naive_weighted	de	1	small	dev	402	398	4	51	3	347	1	500	485	15	58	5	427	10
cluzh-b4	naive_weighted	de	2	large	dev	423	423	0	141	0	282	0	500	500	0	168	0	332	0
cluzh-b4	naive_weighted	de	2	small	dev	380	377	3	44	1	333	2	500	492	8	57	2	435	6
cluzh-b4	naive_weighted	de	3	large	dev	435	434	1	161	1	273	0	500	499	1	186	1	313	0
cluzh-b4	naive_weighted	de	3	small	dev	397	394	3	51	2	343	1	500	491	9	63	5	428	4
cluzh-b4	naive_weighted	de	4	large	dev	433	432	1	165	1	267	0	500	499	1	181	1	318	0
cluzh-b4	naive_weighted	de	4	small	dev	389	388	1	50	1	338	0	500	487	13	65	3	422	10
cluzh-b4	naive_weighted	en	0	large	dev	460	460	0	130	0	330	0	500	500	0	150	0	350	0
cluzh-b4	naive_weighted	en	0	small	dev	447	447	0	38	0	409	0	500	500	0	52	0	448	0
cluzh-b4	naive_weighted	en	1	large	dev	457	457	0	136	0	321	0	500	500	0	168	0	332	0
cluzh-b4	naive_weighted	en	1	small	dev	450	450	0	49	0	401	0	500	500	0	65	0	435	0
cluzh-b4	naive_weighted	en	2	large	dev	459	459	0	129	0	330	0	500	500	0	160	0	340	0
cluzh-b4	naive_weighted	en	2	small	dev	449	449	0	40	0	409	0	500	500	0	52	0	448	0
cluzh-b4	naive_weighted	en	3	large	dev	472	472	0	132	0	340	0	500	500	0	143	0	357	0
cluzh-b4	naive_weighted	en	3	small	dev	464	464	0	43	0	421	0	500	500	0	51	0	449	0
cluzh-b4	naive_weighted	en	4	large	dev	463	463	0	145	0	318	0	500	500	0	170	0	330	0
cluzh-b4	naive_weighted	en	4	small	dev	449	449	0	40	0	409	0	500	500	0	51	0	449	0
cluzh-b4	naive_weighted	es	0	large	dev	446	444	2	207	1	237	1	500	488	12	239	11	249	1
cluzh-b4	naive_weighted	es	0	small	dev	365	360	5	87	2	273	3	500	447	53	125	31	322	22
cluzh-b4	naive_weighted	es	1	large	dev	452	449	3	211	3	238	0	500	491	9	245	8	246	1
cluzh-b4	naive_weighted	es	1	small	dev	373	373	0	76	0	297	0	500	461	39	114	25	347	14
cluzh-b4	naive_weighted	es	2	large	dev	418	414	4	211	4	203	0	500	491	9	272	9	219	0
cluzh-b4	naive_weighted	es	2	small	dev	385	378	7	99	4	279	3	500	459	41	141	29	318	12
cluzh-b4	naive_weighted	es	3	large	dev	450	449	1	233	1	216	0	500	491	9	264	9	227	0
cluzh-b4	naive_weighted	es	3	small	dev	386	385	1	99	1	286	0	500	472	28	150	18	322	10
cluzh-b4	naive_weighted	es	4	large	dev	435	434	1	216	1	218	0	500	490	10	261	9	229	1
cluzh-b4	naive_weighted	es	4	small	dev	378	375	3	73	2	302	1	500	461	39	122	30	339	9
cluzh-b4	naive_weighted	sw	0	large	dev	355	321	34	300	33	21	1	500	409	91	380	87	29	4
cluzh-b4	naive_weighted	sw	0	small	dev	307	277	30	223	29	54	1	500	343	157	277	149	66	8
cluzh-b4	naive_weighted	sw	1	large	dev	361	327	34	305	34	22	0	500	394	106	366	104	28	2
cluzh-b4	naive_weighted	sw	1	small	dev	341	286	55	208	53	78	2	500	334	166	244	156	90	10
cluzh-b4	naive_weighted	sw	2	large	dev	319	290	29	271	29	19	0	500	371	129	346	125	25	4
cluzh-b4	naive_weighted	sw	2	small	dev	248	221	27	176	22	45	5	500	281	219	231	196	50	23
cluzh-b4	naive_weighted	sw	3	large	dev	387	350	37	309	37	41	0	500	425	75	378	75	47	0
cluzh-b4	naive_weighted	sw	3	small	dev	336	300	36	211	34	89	2	500	372	128	274	121	98	7
cluzh-b4	naive_weighted	sw	4	large	dev	359	323	36	289	36	34	0	500	399	101	358	98	41	3
cluzh-b4	naive_weighted	sw	4	small	dev	346	302	44	243	41	59	3	500	356	144	292	134	64	10
cluzh-b4	naive_weighted	tr	0	large	dev	463	463	0	323	0	140	0	500	495	5	348	5	147	0
cluzh-b4	naive_weighted	tr	0	small	dev	408	398	10	152	7	246	3	500	470	30	188	24	282	6
cluzh-b4	naive_weighted	tr	1	large	dev	461	461	0	329	0	132	0	500	486	14	348	13	138	1
cluzh-b4	naive_weighted	tr	1	small	dev	433	422	11	157	10	265	1	500	470	30	179	18	291	12
cluzh-b4	naive_weighted	tr	2	large	dev	467	467	0	361	0	106	0	500	487	13	376	11	111	2
cluzh-b4	naive_weighted	tr	2	small	dev	418	415	3	171	2	244	1	500	476	24	189	12	287	12
cluzh-b4	naive_weighted	tr	3	large	dev	467	467	0	349	0	118	0	500	486	14	362	13	124	1
cluzh-b4	naive_weighted	tr	3	small	dev	412	403	9	165	7	238	2	500	472	28	192	16	280	12
cluzh-b4	naive_weighted	tr	4	large	dev	460	460	0	329	0	131	0	500	493	7	355	7	138	0
cluzh-b4	naive_weighted	tr	4	small	dev	405	392	13	162	8	230	5	500	475	25	201	16	274	9
cluzh-b4	naive_weighted	ar	0	large	test	831	821	10	324	5	497	5	1000	969	31	386	17	583	14
cluzh-b4	naive_weighted	ar	0	small	test	727	701	26	101	7	600	19	1000	891	109	122	26	769	83
cluzh-b4	naive_weighted	ar	1	large	test	838	830	8	344	5	486	3	1000	964	36	403	12	561	24
cluzh-b4	naive_weighted	ar	1	small	test	775	736	39	112	10	624	29	1000	895	105	137	23	758	82
cluzh-b4	naive_weighted	ar	2	large	test	835	827	8	335	7	492	1	1000	959	41	381	26	578	15
cluzh-b4	naive_weighted	ar	2	small	test	723	695	28	87	9	608	19	1000	907	93	113	19	794	74
cluzh-b4	naive_weighted	ar	3	large	test	844	836	8	350	4	486	4	1000	982	18	412	8	570	10
cluzh-b4	naive_weighted	ar	3	small	test	773	753	20	117	7	636	13	1000	934	66	147	14	787	52
cluzh-b4	naive_weighted	ar	4	large	test	843	832	11	332	8	500	3	1000	966	34	387	20	579	14
cluzh-b4	naive_weighted	ar	4	small	test	776	742	34	100	8	642	26	1000	900	100	132	21	768	79
cluzh-b4	naive_weighted	de	0	large	test	856	856	0	307	0	549	0	1000	999	1	354	0	645	1
cluzh-b4	naive_weighted	de	0	small	test	794	794	0	91	0	703	0	1000	991	9	121	4	870	5
cluzh-b4	naive_weighted	de	1	large	test	888	888	0	318	0	570	0	1000	999	1	353	1	646	0
cluzh-b4	naive_weighted	de	1	small	test	819	808	11	92	7	716	4	1000	964	36	120	14	844	22
cluzh-b4	naive_weighted	de	2	large	test	866	866	0	327	0	539	0	1000	1000	0	383	0	617	0
cluzh-b4	naive_weighted	de	2	small	test	794	790	4	101	1	689	3	1000	986	14	126	3	860	11
cluzh-b4	naive_weighted	de	3	large	test	900	900	0	327	0	573	0	1000	999	1	355	1	644	0
cluzh-b4	naive_weighted	de	3	small	test	843	841	2	95	0	746	2	1000	989	11	112	5	877	6
cluzh-b4	naive_weighted	de	4	large	test	871	870	1	327	1	543	0	1000	997	3	374	2	623	1
cluzh-b4	naive_weighted	de	4	small	test	807	799	8	103	6	696	2	1000	969	31	125	11	844	20
cluzh-b4	naive_weighted	en	0	large	test	926	926	0	253	0	673	0	1000	1000	0	301	0	699	0
cluzh-b4	naive_weighted	en	0	small	test	922	922	0	97	0	825	0	1000	1000	0	117	0	883	0
cluzh-b4	naive_weighted	en	1	large	test	936	936	0	269	0	667	0	1000	1000	0	311	0	689	0
cluzh-b4	naive_weighted	en	1	small	test	913	913	0	86	0	827	0	1000	1000	0	112	0	888	0
cluzh-b4	naive_weighted	en	2	large	test	930	930	0	270	0	660	0	1000	1000	0	311	0	689	0
cluzh-b4	naive_weighted	en	2	small	test	890	890	0	71	0	819	0	1000	1000	0	93	0	907	0
cluzh-b4	naive_weighted	en	3	large	test	927	927	0	264	0	663	0	1000	1000	0	311	0	689	0
cluzh-b4	naive_weighted	en	3	small	test	907	907	0	87	0	820	0	1000	1000	0	106	0	894	0
cluzh-b4	naive_weighted	en	4	large	test	925	925	0	280	0	645	0	1000	1000	0	329	0	671	0
cluzh-b4	naive_weighted	en	4	small	test	916	916	0	83	0	833	0	1000	1000	0	103	0	897	0
cluzh-b4	naive_weighted	es	0	large	test	872	864	8	456	7	408	1	1000	968	32	532	26	436	6
cluzh-b4	naive_weighted	es	0	small	test	750	741	9	206	6	535	3	1000	897	103	284	71	613	32
cluzh-b4	naive_weighted	es	1	large	test	860	860	0	460	0	400	0	1000	984	16	561	16	423	0
cluzh-b4	naive_weighted	es	1	small	test	702	697	5	177	4	520	1	1000	925	75	304	64	621	11
cluzh-b4	naive_weighted	es	2	large	test	899	897	2	451	2	446	0	1000	989	11	530	11	459	0
cluzh-b4	naive_weighted	es	2	small	test	772	770	2	193	2	577	0	1000	924	76	276	55	648	21
cluzh-b4	naive_weighted	es	3	large	test	861	859	2	440	2	419	0	1000	981	19	530	16	451	3
cluzh-b4	naive_weighted	es	3	small	test	740	734	6	183	4	551	2	1000	926	74	293	52	633	22
cluzh-b4	naive_weighted	es	4	large	test	881	879	2	438	1	441	1	1000	981	19	512	18	469	1
cluzh-b4	naive_weighted	es	4	small	test	761	755	6	176	5	579	1	1000	925	75	263	55	662	20
cluzh-b4	naive_weighted	sw	0	large	test	705	633	72	569	72	64	0	1000	802	198	728	194	74	4
cluzh-b4	naive_weighted	sw	0	small	test	613	555	58	425	54	130	4	1000	665	335	527	313	138	22
cluzh-b4	naive_weighted	sw	1	large	test	697	636	61	597	60	39	1	1000	801	199	752	197	49	2
cluzh-b4	naive_weighted	sw	1	small	test	662	571	91	437	84	134	7	1000	684	316	534	287	150	29
cluzh-b4	naive_weighted	sw	2	large	test	643	579	64	523	61	56	3	1000	744	256	681	248	63	8
cluzh-b4	naive_weighted	sw	2	small	test	504	440	64	324	57	116	7	1000	570	430	432	387	138	43
cluzh-b4	naive_weighted	sw	3	large	test	738	648	90	594	89	54	1	1000	820	180	747	178	73	2
cluzh-b4	naive_weighted	sw	3	small	test	688	585	103	439	92	146	11	1000	707	293	531	269	176	24
cluzh-b4	naive_weighted	sw	4	large	test	724	649	75	582	74	67	1	1000	807	193	723	189	84	4
cluzh-b4	naive_weighted	sw	4	small	test	670	601	69	466	65	135	4	1000	741	259	588	244	153	15
cluzh-b4	naive_weighted	tr	0	large	test	927	927	0	658	0	269	0	1000	986	14	707	10	279	4
cluzh-b4	naive_weighted	tr	0	small	test	847	826	21	306	16	520	5	1000	946	54	362	35	584	19
cluzh-b4	naive_weighted	tr	1	large	test	912	912	0	649	0	263	0	1000	970	30	695	29	275	1
cluzh-b4	naive_weighted	tr	1	small	test	847	830	17	351	11	479	6	1000	946	54	395	35	551	19
cluzh-b4	naive_weighted	tr	2	large	test	948	948	0	702	0	246	0	1000	981	19	728	18	253	1
cluzh-b4	naive_weighted	tr	2	small	test	845	838	7	343	3	495	4	1000	951	49	385	24	566	25
cluzh-b4	naive_weighted	tr	3	large	test	929	929	0	670	0	259	0	1000	978	22	711	20	267	2
cluzh-b4	naive_weighted	tr	3	small	test	816	794	22	295	15	499	7	1000	934	66	358	40	576	26
cluzh-b4	naive_weighted	tr	4	large	test	937	936	1	652	0	284	1	1000	981	19	690	17	291	2
cluzh-b4	naive_weighted	tr	4	small	test	830	819	11	317	5	502	6	1000	966	34	390	19	576	15
cluzh-b4	overlap_aware	ar	0	large	dev	320	213	107	40	26	173	81	500	281	219	56	52	225	167
cluzh-b4	overlap_aware	ar	0	small	dev	227	155	72	7	7	148	65	500	214	286	8	24	206	262
cluzh-b4	overlap_aware	ar	1	large	dev	279	117	162	36	53	81	109	500	155	345	47	111	108	234
cluzh-b4	overlap_aware	ar	1	small	dev	173	85	88	10	11	75	77	500	135	365	15	37	120	328
cluzh-b4	overlap_aware	ar	2	large	dev	311	184	127	31	31	153	96	500	231	269	49	71	182	198
cluzh-b4	overlap_aware	ar	2	small	dev	216	135	81	7	6	128	75	500	199	301	17	26	182	275
cluzh-b4	overlap_aware	ar	3	large	dev	274	143	131	23	51	120	80	500	193	307	39	94	154	213
cluzh-b4	overlap_aware	ar	3	small	dev	234	101	133	4	14	97	119	500	144	356	4	38	140	318
cluzh-b4	overlap_aware	ar	4	large	dev	309	155	154	53	46	102	108	500	203	297	69	87	134	210
cluzh-b4	overlap_aware	ar	4	small	dev	220	115	105	9	10	106	95	500	161	339	11	23	150	316
cluzh-b4	overlap_aware	de	0	large	dev	253	145	108	55	24	90	84	500	177	323	69	102	108	221
cluzh-b4	overlap_aware	de	0	small	dev	267	129	138	11	7	118	131	500	163	337	17	35	146	302
cluzh-b4	overlap_aware	de	1	large	dev	319	130	189	44	66	86	123	500	155	345	56	127	99	218
cluzh-b4	overlap_aware	de	1	small	dev	287	117	170	14	22	103	148	500	150	350	15	44	135	306
cluzh-b4	overlap_aware	de	2	large	dev	362	170	192	68	78	102	114	500	189	311	76	120	113	191
cluzh-b4	overlap_aware	de	2	small	dev	318	148	170	15	22	133	148	500	189	311	19	34	170	277
cluzh-b4	overlap_aware	de	3	large	dev	357	236	121	101	40	135	81	500	267	233	109	81	158	152
cluzh-b4	overlap_aware	de	3	small	dev	318	211	107	29	17	182	90	500	262	238	34	35	228	203
cluzh-b4	overlap_aware	de	4	large	dev	193	155	38	31	16	124	22	500	194	306	47	119	147	187
cluzh-b4	overlap_aware	de	4	small	dev	194	134	60	6	7	128	53	500	190	310	10	33	180	277
cluzh-b4	overlap_aware	en	0	large	dev	305	258	47	19	12	239	35	500	262	238	20	68	242	170
cluzh-b4	overlap_aware	en	0	small	dev	304	254	50	5	5	249	45	500	262	238	6	21	256	217
cluzh-b4	overlap_aware	en	1	large	dev	300	299	1	18	0	281	1	500	302	198	18	37	284	161
cluzh-b4	overlap_aware	en	1	small	dev	300	299	1	4	0	295	1	500	302	198	4	12	298	186
cluzh-b4	overlap_aware	en	2	large	dev	92	92	0	14	0	78	0	500	101	399	17	77	84	322
cluzh-b4	overlap_aware	en	2	small	dev	87	87	0	2	0	85	0	500	101	399	2	22	99	377
cluzh-b4	overlap_aware	en	3	large	dev	352	305	47	19	12	286	35	500	318	182	25	48	293	134
cluzh-b4	overlap_aware	en	3	small	dev	336	299	37	2	0	297	37	500	318	182	5	13	313	169
cluzh-b4	overlap_aware	en	4	large	dev	68	68	0	12	0	56	0	500	85	415	17	94	68	321
cluzh-b4	overlap_aware	en	4	small	dev	69	66	3	4	1	62	2	500	85	415	6	25	79	390
cluzh-b4	overlap_aware	es	0	large	dev	197	147	50	121	21	26	29	500	166	334	138	223	28	111
cluzh-b4	overlap_aware	es	0	small	dev	167	121	46	62	17	59	29	500	140	360	75	182	65	178
cluzh-b4	overlap_aware	es	1	large	dev	265	156	109	104	67	52	42	500	189	311	127	213	62	98
cluzh-b4	overlap_aware	es	1	small	dev	247	128	119	37	29	91	90	500	169	331	61	136	108	195
cluzh-b4	overlap_aware	es	2	large	dev	248	120	128	71	48	49	80	500	149	351	94	231	55	120
cluzh-b4	overlap_aware	es	2	small	dev	211	103	108	31	17	72	91	500	134	366	44	142	90	224
cluzh-b4	overlap_aware	es	3	large	dev	209	149	60	103	23	46	37	500	168	332	118	198	50	134
cluzh-b4	overlap_aware	es	3	small	dev	164	126	38	37	6	89	32	500	155	345	45	129	110	216
cluzh-b4	overlap_aware	es	4	large	dev	223	177	46	77	32	100	14	500	212	288	103	195	109	93
cluzh-b4	overlap_aware	es	4	small	dev	177	143	34	20	6	123	28	500	165	335	33	132	132	203
cluzh-b4	overlap_aware	sw	0	large	dev	282	67	215	65	214	2	1	500	74	426	71	415	3	11
cluzh-b4	overlap_aware	sw	0	small	dev	256	63	193	57	178	6	15	500	72	428	65	371	7	57
cluzh-b4	overlap_aware	sw	1	large	dev	260	98	162	95	159	3	3	500	110	390	107	383	3	7
cluzh-b4	overlap_aware	sw	1	small	dev	303	91	212	76	196	15	16	500	102	398	86	364	16	34
cluzh-b4	overlap_aware	sw	2	large	dev	286	59	227	58	225	1	2	500	63	437	62	431	1	6
cluzh-b4	overlap_aware	sw	2	small	dev	274	58	216	52	189	6	27	500	59	441	53	385	6	56
cluzh-b4	overlap_aware	sw	3	large	dev	299	72	227	68	220	4	7	500	77	423	73	414	4	9
cluzh-b4	overlap_aware	sw	3	small	dev	261	64	197	58	182	6	15	500	70	430	64	400	6	30
cluzh-b4	overlap_aware	sw	4	large	dev	262	55	207	54	199	1	8	500	57	443	56	413	1	30
cluzh-b4	overlap_aware	sw	4	small	dev	248	48	200	43	176	5	24	500	50	450	45	378	5	72
cluzh-b4	overlap_aware	tr	0	large	dev	255	169	86	129	72	40	14	500	185	315	139	263	46	52
cluzh-b4	overlap_aware	tr	0	small	dev	197	129	68	51	24	78	44	500	160	340	65	158	95	182
cluzh-b4	overlap_aware	tr	1	large	dev	255	185	70	139	53	46	17	500	217	283	167	229	50	54
cluzh-b4	overlap_aware	tr	1	small	dev	191	126	65	50	25	76	40	500	170	330	65	133	105	197
cluzh-b4	overlap_aware	tr	2	large	dev	278	188	90	144	70	44	20	500	216	284	169	229	47	55
cluzh-b4	overlap_aware	tr	2	small	dev	198	122	76	38	27	84	49	500	155	345	50	168	105	177
cluzh-b4	overlap_aware	tr	3	large	dev	249	214	35	158	23	56	12	500	270	230	201	164	69	66
cluzh-b4	overlap_aware	tr	3	small	dev	203	169	34	61	8	108	26	500	202	298	71	121	131	177
cluzh-b4	overlap_aware	tr	4	large	dev	216	143	73	107	45	36	28	500	166	334	126	250	40	84
cluzh-b4	overlap_aware	tr	4	small	dev	175	110	65	38	23	72	42	500	129	371	45	153	84	218
cluzh-b4	overlap_aware	ar	0	large	test	734	418	316	73	71	345	245	1000	497	503	84	106	413	397
cluzh-b4	overlap_aware	ar	0	small	test	532	372	160	16	14	356	146	1000	486	514	23	33	463	481
cluzh-b4	overlap_aware	ar	1	large	test	690	429	261	97	59	332	202	1000	500	500	114	103	386	397
cluzh-b4	overlap_aware	ar	1	small	test	506	345	161	17	7	328	154	1000	469	531	30	25	439	506
cluzh-b4	overlap_aware	ar	2	large	test	727	427	300	79	64	348	236	1000	500	500	99	114	401	386
cluzh-b4	overlap_aware	ar	2	small	test	543	350	193	20	12	330	181	1000	477	523	29	40	448	483
cluzh-b4	overlap_aware	ar	3	large	test	659	399	260	76	60	323	200	1000	499	501	101	121	398	380
cluzh-b4	overlap_aware	ar	3	small	test	568	336	232	27	20	309	212	1000	479	521	42	42	437	479
cluzh-b4	overlap_aware	ar	4	large	test	733	435	298	110	52	325	246	1000	499	501	122	97	377	404
cluzh-b4	overlap_aware	ar	4	small	test	580	364	216	27	11	337	205	1000	473	527	29	25	444	502
cluzh-b4	overlap_aware	de	0	large	test	627	433	194	166	34	267	160	1000	500	500	187	139	313	361
cluzh-b4	overlap_aware	de	0	small	test	628	389	239	59	14	330	225	1000	496	504	67	37	429	467
cluzh-b4	overlap_aware	de	1	large	test	697	429	268	84	91	345	177	1000	500	500	100	178	400	322
cluzh-b4	overlap_aware	de	1	small	test	624	371	253	19	33	352	220	1000	499	501	30	66	469	435
cluzh-b4	overlap_aware	de	2	large	test	729	436	293	130	102	306	191	1000	500	500	152	165	348	335
cluzh-b4	overlap_aware	de	2	small	test	651	395	256	43	28	352	228	1000	500	500	53	52	447	448
cluzh-b4	overlap_aware	de	3	large	test	690	440	250	154	40	286	210	1000	500	500	178	112	322	388
cluzh-b4	overlap_aware	de	3	small	test	592	395	197	43	12	352	185	1000	500	500	53	36	447	464
cluzh-b4	overlap_aware	de	4	large	test	494	418	76	98	25	320	51	1000	500	500	120	154	380	346
cluzh-b4	overlap_aware	de	4	small	test	503	401	102	23	10	378	92	1000	500	500	32	54	468	446
cluzh-b4	overlap_aware	en	0	large	test	597	486	111	42	27	444	84	1000	500	500	47	114	453	386
cluzh-b4	overlap_aware	en	0	small	test	588	477	111	9	10	468	101	1000	500	500	12	26	488	474
cluzh-b4	overlap_aware	en	1	large	test	497	496	1	48	0	448	1	1000	500	500	49	131	451	369
cluzh-b4	overlap_aware	en	1	small	test	492	490	2	12	0	478	2	1000	500	500	13	26	487	474
cluzh-b4	overlap_aware	en	2	large	test	425	422	3	92	2	330	1	1000	500	500	101	115	399	385
cluzh-b4	overlap_aware	en	2	small	test	408	408	0	19	0	389	0	1000	500	500	22	33	478	467
cluzh-b4	overlap_aware	en	3	large	test	602	473	129	54	30	419	99	1000	500	500	59	124	441	376
cluzh-b4	overlap_aware	en	3	small	test	580	469	111	21	5	448	106	1000	500	500	22	36	478	464
cluzh-b4	overlap_aware	en	4	large	test	439	439	0	87	0	352	0	1000	500	500	102	118	398	382
cluzh-b4	overlap_aware	en	4	small	test	420	418	2	24	0	394	2	1000	500	500	28	30	472	470
cluzh-b4	overlap_aware	es	0	large	test	540	443	97	298	32	145	65	1000	500	500	348	211	152	289
cluzh-b4	overlap_aware	es	0	small	test	467	397	70	164	14	233	56	1000	493	507	216	119	277	388
cluzh-b4	overlap_aware	es	1	large	test	614	457	157	234	60	223	97	1000	500	500	270	291	230	209
cluzh-b4	overlap_aware	es	1	small	test	568	390	178	101	23	289	155	1000	489	511	145	163	344	348
cluzh-b4	overlap_aware	es	2	large	test	627	452	175	246	47	206	128	1000	500	500	273	284	227	216
cluzh-b4	overlap_aware	es	2	small	test	548	407	141	95	12	312	129	1000	490	510	125	154	365	356
cluzh-b4	overlap_aware	es	3	large	test	546	435	111	251	45	184	66	1000	499	501	303	276	196	225
cluzh-b4	overlap_aware	es	3	small	test	471	404	67	106	7	298	60	1000	488	512	160	160	328	352
cluzh-b4	overlap_aware	es	4	large	test	533	448	85	167	50	281	35	1000	500	500	210	339	290	161
cluzh-b4	overlap_aware	es	4	small	test	480	413	67	63	14	350	53	1000	491	509	105	181	386	328
cluzh-b4	overlap_aware	sw	0	large	test	713	452	261	438	257	14	4	1000	492	508	476	496	16	12
cluzh-b4	overlap_aware	sw	0	small	test	665	426	239	366	218	60	21	1000	474	526	407	457	67	69
cluzh-b4	overlap_aware	sw	1	large	test	638	439	199	426	192	13	7	1000	499	501	485	490	14	11
cluzh-b4	overlap_aware	sw	1	small	test	681	434	247	377	232	57	15	1000	474	526	414	480	60	46
cluzh-b4	overlap_aware	sw	2	large	test	742	460	282	445	274	15	8	1000	500	500	485	489	15	11
cluzh-b4	overlap_aware	sw	2	small	test	739	438	301	360	268	78	33	1000	478	522	397	465	81	57
cluzh-b4	overlap_aware	sw	3	large	test	739	438	301	423	289	15	12	1000	495	505	480	492	15	13
cluzh-b4	overlap_aware	sw	3	small	test	697	418	279	368	255	50	24	1000	482	518	423	479	59	39
cluzh-b4	overlap_aware	sw	4	large	test	721	464	257	423	243	41	14	1000	498	502	456	468	42	34
cluzh-b4	overlap_aware	sw	4	small	test	658	410	248	335	219	75	29	1000	478	522	393	445	85	77
cluzh-b4	overlap_aware	tr	0	large	test	671	479	192	338	146	141	46	1000	498	502	353	373	145	129
cluzh-b4	overlap_aware	tr	0	small	test	650	432	218	114	62	318	156	1000	484	516	134	158	350	358
cluzh-b4	overlap_aware	tr	1	large	test	726	475	251	335	193	140	58	1000	499	501	354	388	145	113
cluzh-b4	overlap_aware	tr	1	small	test	618	417	201	107	64	310	137	1000	487	513	132	167	355	346
cluzh-b4	overlap_aware	tr	2	large	test	723	470	253	321	188	149	65	1000	500	500	344	367	156	133
cluzh-b4	overlap_aware	tr	2	small	test	639	423	216	126	68	297	148	1000	484	516	141	155	343	361
cluzh-b4	overlap_aware	tr	3	large	test	589	469	120	331	81	138	39	1000	500	500	355	351	145	149
cluzh-b4	overlap_aware	tr	3	small	test	522	431	91	115	29	316	62	1000	482	518	130	174	352	344
cluzh-b4	overlap_aware	tr	4	large	test	647	483	164	361	117	122	47	1000	500	500	376	346	124	154
cluzh-b4	overlap_aware	tr	4	small	test	596	433	163	158	55	275	108	1000	490	510	175	157	315	353
cluzh-gr	naive_uniform	ar	0	large	dev	434	430	4	66	0	364	4	500	494	6	70	1	424	5
cluzh-gr	naive_uniform	ar	0	small	dev	345	278	67	11	2	267	65	500	382	118	13	5	369	113
cluzh-gr	naive_uniform	ar	1	large	dev	410	404	6	77	2	327	4	500	490	10	89	2	401	8
cluzh-gr	naive_uniform	ar	1	small	dev	358	277	81	12	4	265	77	500	371	129	15	5	356	124
cluzh-gr	naive_uniform	ar	2	large	dev	407	396	11	61	2	335	9	500	482	18	68	2	414	16
cluzh-gr	naive_uniform	ar	2	small	dev	333	237	96	4	2	233	94	500	339	161	9	5	330	156
cluzh-gr	naive_uniform	ar	3	large	dev	411	399	12	69	2	330	10	500	479	21	78	2	401	19
cluzh-gr	naive_uniform	ar	3	small	dev	322	239	83	5	4	234	79	500	350	150	9	7	341	143
cluzh-gr	naive_uniform	ar	4	large	dev	377	369	8	62	1	307	7	500	482	18	81	5	401	13
cluzh-gr	naive_uniform	ar	4	small	dev	339	270	69	11	4	259	65	500	376	124	15	7	361	117
cluzh-gr	naive_uniform	de	0	large	dev	374	373	1	14	0	359	1	500	499	1	17	0	482	1
cluzh-gr	naive_uniform	de	0	small	dev	322	321	1	2	0	319	1	500	499	1	3	0	496	1
cluzh-gr	naive_uniform	de	1	large	dev	376	374	2	16	0	358	2	500	498	2	20	0	478	2
cluzh-gr	naive_uniform	de	1	small	dev	312	309	3	2	0	307	3	500	494	6	2	0	492	6
cluzh-gr	naive_uniform	de	2	large	dev	379	377	2	18	0	359	2	500	497	3	23	0	474	3
cluzh-gr	naive_uniform	de	2	small	dev	310	307	3	3	0	304	3	500	488	12	5	0	483	12
cluzh-gr	naive_uniform	de	3	large	dev	359	358	1	29	0	329	1	500	499	1	35	0	464	1
cluzh-gr	naive_uniform	de	3	small	dev	270	267	3	4	0	263	3	500	490	10	6	0	484	10
cluzh-gr	naive_uniform	de	4	large	dev	390	390	0	20	0	370	0	500	500	0	23	0	477	0
cluzh-gr	naive_uniform	de	4	small	dev	320	320	0	0	0	320	0	500	499	1	3	0	496	1
cluzh-gr	naive_uniform	en	0	large	dev	486	486	0	4	0	482	0	500	500	0	4	0	496	0
cluzh-gr	naive_uniform	en	0	small	dev	476	476	0	0	0	476	0	500	493	7	0	0	493	7
cluzh-gr	naive_uniform	en	1	large	dev	484	484	0	0	0	484	0	500	500	0	0	0	500	0
cluzh-gr	naive_uniform	en	1	small	dev	469	469	0	0	0	469	0	500	500	0	0	0	500	0
cluzh-gr	naive_uniform	en	2	large	dev	485	485	0	2	0	483	0	500	500	0	2	0	498	0
cluzh-gr	naive_uniform	en	2	small	dev	480	480	0	0	0	480	0	500	499	1	0	0	499	1
cluzh-gr	naive_uniform	en	3	large	dev	478	478	0	2	0	476	0	500	500	0	2	0	498	0
cluzh-gr	naive_uniform	en	3	small	dev	467	467	0	0	0	467	0	500	500	0	0	0	500	0
cluzh-gr	naive_uniform	en	4	large	dev	485	485	0	0	0	485	0	500	500	0	0	0	500	0
cluzh-gr	naive_uniform	en	4	small	dev	481	481	0	0	0	481	0	500	500	0	0	0	500	0
cluzh-gr	naive_uniform	es	0	large	dev	435	435	0	75	0	360	0	500	500	0	87	0	413	0
cluzh-gr	naive_uniform	es	0	small	dev	359	346	13	12	0	334	13	500	431	69	19	1	412	68
cluzh-gr	naive_uniform	es	1	large	dev	374	374	0	58	0	316	0	500	500	0	78	0	422	0
cluzh-gr	naive_uniform	es	1	small	dev	350	320	30	18	2	302	28	500	446	54	23	3	423	51
cluzh-gr	naive_uniform	es	2	large	dev	428	428	0	63	0	365	0	500	500	0	79	0	421	0
cluzh-gr	naive_uniform	es	2	small	dev	365	319	46	18	0	301	46	500	412	88	19	0	393	88
cluzh-gr	naive_uniform	es	3	large	dev	438	438	0	70	0	368	0	500	500	0	82	0	418	0
cluzh-gr	naive_uniform	es	3	small	dev	364	326	38	14	1	312	37	500	447	53	23	2	424	51
cluzh-gr	naive_uniform	es	4	large	dev	427	427	0	70	0	357	0	500	500	0	83	0	417	0
cluzh-gr	naive_uniform	es	4	small	dev	354	340	14	14	0	326	14	500	462	38	19	1	443	37
cluzh-gr	naive_uniform	sw	0	large	dev	446	434	12	419	12	15	0	500	482	18	463	17	19	1
cluzh-gr	naive_uniform	sw	0	small	dev	420	365	55	318	55	47	0	500	402	98	348	91	54	7
cluzh-gr	naive_uniform	sw	1	large	dev	450	439	11	428	11	11	0	500	484	16	467	15	17	1
cluzh-gr	naive_uniform	sw	1	small	dev	431	364	67	316	63	48	4	500	418	82	355	76	63	6
cluzh-gr	naive_uniform	sw	2	large	dev	455	440	15	420	15	20	0	500	478	22	454	21	24	1
cluzh-gr	naive_uniform	sw	2	small	dev	416	377	39	334	36	43	3	500	434	66	385	59	49	7
cluzh-gr	naive_uniform	sw	3	large	dev	444	431	13	426	13	5	0	500	474	26	458	25	16	1
cluzh-gr	naive_uniform	sw	3	small	dev	453	390	63	344	62	46	1	500	417	83	357	76	60	7
cluzh-gr	naive_uniform	sw	4	large	dev	445	432	13	424	13	8	0	500	480	20	468	20	12	0
cluzh-gr	naive_uniform	sw	4	small	dev	424	332	92	304	86	28	6	500	386	114	348	106	38	8
cluzh-gr	naive_uniform	tr	0	large	dev	370	317	53	219	48	98	5	500	432	68	277	59	155	9
cluzh-gr	naive_uniform	tr	0	small	dev	176	98	78	31	28	67	50	500	225	275	62	93	163	182
cluzh-gr	naive_uniform	tr	1	large	dev	333	276	57	222	47	54	10	500	419	81	279	63	140	18
cluzh-gr	naive_uniform	tr	1	small	dev	195	113	82	34	28	79	54	500	223	277	67	93	156	184
cluzh-gr	naive_uniform	tr	2	large	dev	356	313	43	219	37	94	6	500	431	69	281	59	150	10
cluzh-gr	naive_uniform	tr	2	small	dev	171	80	91	26	34	54	57	500	212	288	55	111	157	177
cluzh-gr	naive_uniform	tr	3	large	dev	298	254	44	174	40	80	4	500	416	84	263	71	153	13
cluzh-gr	naive_uniform	tr	3	small	dev	171	109	62	26	22	83	40	500	223	277	57	98	166	179
cluzh-gr	naive_uniform	tr	4	large	dev	385	330	55	217	47	113	8	500	420	80	267	67	153	13
cluzh-gr	naive_uniform	tr	4	small	dev	178	107	71	25	23	82	48	500	236	264	47	84	189	180
cluzh-gr	naive_uniform	ar	0	large	test	826	805	21	160	7	645	14	1000	950	50	170	9	780	41
cluzh-gr	naive_uniform	ar	0	small	test	672	493	179	20	11	473	168	1000	714	286	28	17	686	269
cluzh-gr	naive_uniform	ar	1	large	test	817	811	6	136	2	675	4	1000	983	17	155	5	828	12
cluzh-gr	naive_uniform	ar	1	small	test	698	555	143	27	7	528	136	1000	768	232	31	9	737	223
cluzh-gr	naive_uniform	ar	2	large	test	815	805	10	128	3	677	7	1000	980	20	144	5	836	15
cluzh-gr	naive_uniform	ar	2	small	test	686	479	207	23	11	456	196	1000	668	332	31	15	637	317
cluzh-gr	naive_uniform	ar	3	large	test	813	787	26	136	9	651	17	1000	956	44	152	12	804	32
cluzh-gr	naive_uniform	ar	3	small	test	626	452	174	20	8	432	166	1000	659	341	30	16	629	325
cluzh-gr	naive_uniform	ar	4	large	test	763	742	21	137	6	605	15	1000	963	37	170	8	793	29
cluzh-gr	naive_uniform	ar	4	small	test	686	480	206	26	4	454	202	1000	666	334	36	9	630	325
cluzh-gr	naive_uniform	de	0	large	test	725	722	3	33	0	689	3	1000	996	4	48	0	948	4
cluzh-gr	naive_uniform	de	0	small	test	624	623	1	5	0	618	1	1000	996	4	8	0	988	4
cluzh-gr	naive_uniform	de	1	large	test	780	779	1	38	0	741	1	1000	999	1	47	0	952	1
cluzh-gr	naive_uniform	de	1	small	test	635	629	6	15	0	614	6	1000	988	12	21	0	967	12
cluzh-gr	naive_uniform	de	2	large	test	762	760	2	37	0	723	2	1000	997	3	44	0	953	3
cluzh-gr	naive_uniform	de	2	small	test	581	575	6	7	0	568	6	1000	975	25	12	0	963	25
cluzh-gr	naive_uniform	de	3	large	test	750	749	1	30	0	719	1	1000	999	1	39	0	960	1
cluzh-gr	naive_uniform	de	3	small	test	564	557	7	9	0	548	7	1000	977	23	11	0	966	23
cluzh-gr	naive_uniform	de	4	large	test	768	767	1	35	0	732	1	1000	999	1	41	0	958	1
cluzh-gr	naive_uniform	de	4	small	test	610	609	1	3	0	606	1	1000	993	7	6	0	987	7
cluzh-gr	naive_uniform	en	0	large	test	966	966	0	4	0	962	0	1000	1000	0	4	0	996	0
cluzh-gr	naive_uniform	en	0	small	test	941	941	0	0	0	941	0	1000	993	7	0	0	993	7
cluzh-gr	naive_uniform	en	1	large	test	971	971	0	2	0	969	0	1000	1000	0	3	0	997	0
cluzh-gr	naive_uniform	en	1	small	test	944	944	0	0	0	944	0	1000	1000	0	0	0	1000	0
cluzh-gr	naive_uniform	en	2	large	test	964	964	0	4	0	960	0	1000	1000	0	4	0	996	0
cluzh-gr	naive_uniform	en	2	small	test	953	953	0	1	0	952	0	1000	996	4	1	0	995	4
cluzh-gr	naive_uniform	en	3	large	test	969	969	0	5	0	964	0	1000	1000	0	5	0	995	0
cluzh-gr	naive_uniform	en	3	small	test	950	950	0	3	0	947	0	1000	1000	0	3	0	997	0
cluzh-gr	naive_uniform	en	4	large	test	968	968	0	3	0	965	0	1000	1000	0	3	0	997	0
cluzh-gr	naive_uniform	en	4	small	test	953	953	0	1	0	952	0	1000	1000	0	1	0	999	0
cluzh-gr	naive_uniform	es	0	large	test	845	845	0	133	0	712	0	1000	1000	0	155	0	845	0
cluzh-gr	naive_uniform	es	0	small	test	678	655	23	34	2	621	21	1000	861	139	37	4	824	135
cluzh-gr	naive_uniform	es	1	large	test	712	712	0	120	0	592	0	1000	1000	0	170	0	830	0
cluzh-gr	naive_uniform	es	1	small	test	702	639	63	31	2	608	61	1000	874	126	44	6	830	120
cluzh-gr	naive_uniform	es	2	large	test	861	861	0	144	0	717	0	1000	1000	0	171	0	829	0
cluzh-gr	naive_uniform	es	2	small	test	725	641	84	29	5	612	79	1000	868	132	44	8	824	124
cluzh-gr	naive_uniform	es	3	large	test	859	859	0	152	0	707	0	1000	1000	0	171	0	829	0
cluzh-gr	naive_uniform	es	3	small	test	702	654	48	23	2	631	46	1000	910	90	29	2	881	88
cluzh-gr	naive_uniform	es	4	large	test	861	861	0	145	0	716	0	1000	1000	0	169	0	831	0
cluzh-gr	naive_uniform	es	4	small	test	706	676	30	29	1	647	29	1000	911	89	40	3	871	86
cluzh-gr	naive_uniform	sw	0	large	test	878	854	24	832	24	22	0	1000	956	44	924	41	32	3
cluzh-gr	naive_uniform	sw	0	small	test	849	743	106	674	105	69	1	1000	814	186	728	162	86	24
cluzh-gr	naive_uniform	sw	1	large	test	909	886	23	852	23	34	0	1000	970	30	915	28	55	2
cluzh-gr	naive_uniform	sw	1	small	test	880	740	140	617	128	123	12	1000	825	175	672	153	153	22
cluzh-gr	naive_uniform	sw	2	large	test	864	843	21	814	21	29	0	1000	966	34	921	34	45	0
cluzh-gr	naive_uniform	sw	2	small	test	818	733	85	650	84	83	1	1000	852	148	742	138	110	10
cluzh-gr	naive_uniform	sw	3	large	test	877	850	27	833	27	17	0	1000	953	47	907	43	46	4
cluzh-gr	naive_uniform	sw	3	small	test	888	748	140	675	136	73	4	1000	815	185	715	164	100	21
cluzh-gr	naive_uniform	sw	4	large	test	889	868	21	843	21	25	0	1000	963	37	924	37	39	0
cluzh-gr	naive_uniform	sw	4	small	test	849	699	150	615	138	84	12	1000	799	201	692	184	107	17
cluzh-gr	naive_uniform	tr	0	large	test	741	644	97	454	88	190	9	1000	852	148	549	118	303	30
cluzh-gr	naive_uniform	tr	0	small	test	364	208	156	50	58	158	98	1000	430	570	111	199	319	371
cluzh-gr	naive_uniform	tr	1	large	test	638	537	101	418	82	119	19	1000	838	162	545	119	293	43
cluzh-gr	naive_uniform	tr	1	small	test	372	208	164	50	51	158	113	1000	443	557	115	192	328	365
cluzh-gr	naive_uniform	tr	2	large	test	669	568	101	387	90	181	11	1000	838	162	533	139	305	23
cluzh-gr	naive_uniform	tr	2	small	test	368	183	185	54	75	129	110	1000	402	598	108	213	294	385
cluzh-gr	naive_uniform	tr	3	large	test	642	578	64	384	55	194	9	1000	866	134	555	110	311	24
cluzh-gr	naive_uniform	tr	3	small	test	374	220	154	64	51	156	103	1000	443	557	113	187	330	370
cluzh-gr	naive_uniform	tr	4	large	test	771	650	121	428	105	222	16	1000	827	173	536	140	291	33
cluzh-gr	naive_uniform	tr	4	small	test	364	213	151	44	59	169	92	1000	458	542	97	193	361	349
cluzh-gr	naive_weighted	ar	0	large	dev	411	406	5	159	4	247	1	500	486	14	192	7	294	7
cluzh-gr	naive_weighted	ar	0	small	dev	377	362	15	53	2	309	13	500	454	46	69	6	385	40
cluzh-gr	naive_weighted	ar	1	large	dev	394	392	2	165	2	227	0	500	477	23	199	13	278	10
cluzh-gr	naive_weighted	ar	1	small	dev	375	356	19	58	5	298	14	500	442	58	72	13	370	45
cluzh-gr	naive_weighted	ar	2	large	dev	418	408	10	153	5	255	5	500	468	32	184	17	284	15
cluzh-gr	naive_weighted	ar	2	small	dev	359	346	13	40	3	306	10	500	445	55	56	14	389	41
cluzh-gr	naive_weighted	ar	3	large	dev	398	392	6	155	2	237	4	500	483	17	189	8	294	9
cluzh-gr	naive_weighted	ar	3	small	dev	348	341	7	44	3	297	4	500	443	57	59	14	384	43
cluzh-gr	naive_weighted	ar	4	large	dev	411	409	2	146	0	263	2	500	485	15	186	8	299	7
cluzh-gr	naive_weighted	ar	4	small	dev	373	354	19	53	2	301	17	500	443	57	67	9	376	48
cluzh-gr	naive_weighted	de	0	large	dev	437	436	1	138	1	298	0	500	498	2	163	2	335	0
cluzh-gr	naive_weighted	de	0	small	dev	399	398	1	33	1	365	0	500	496	4	50	2	446	2
cluzh-gr	naive_weighted	de	1	large	dev	427	427	0	163	0	264	0	500	500	0	184	0	316	0
cluzh-gr	naive_weighted	de	1	small	dev	401	398	3	51	2	347	1	500	485	15	58	5	427	10
cluzh-gr	naive_weighted	de	2	large	dev	424	424	0	141	0	283	0	500	500	0	168	0	332	0
cluzh-gr	naive_weighted	de	2	small	dev	380	377	3	44	1	333	2	500	492	8	57	2	435	6
cluzh-gr	naive_weighted	de	3	large	dev	435	434	1	161	1	273	0	500	499	1	186	1	313	0
cluzh-gr	naive_weighted	de	3	small	dev	393	390	3	49	2	341	1	500	491	9	63	5	428	4
cluzh-gr	naive_weighted	de	4	large	dev	433	432	1	165	1	267	0	500	499	1	181	1	318	0
cluzh-gr	naive_weighted	de	4	small	dev	388	387	1	50	1	337	0	500	487	13	65	3	422	10
cluzh-gr	naive_weighted	en	0	large	dev	452	452	0	124	0	328	0	500	500	0	150	0	350	0
cluzh-gr	naive_weighted	en	0	small	dev	442	442	0	37	0	405	0	500	500	0	52	0	448	0
cluzh-gr	naive_weighted	en	1	large	dev	457	457	0	136	0	321	0	500	500	0	168	0	332	0
cluzh-gr	naive_weighted	en	1	small	dev	448	448	0	51	0	397	0	500	500	0	65	0	435	0
cluzh-gr	naive_weighted	en	2	large	dev	459	459	0	129	0	330	0	500	500	0	160	0	340	0
cluzh-gr	naive_weighted	en	2	small	dev	449	449	0	40	0	409	0	500	500	0	52	0	448	0
cluzh-gr	naive_weighted	en	3	large	dev	472	472	0	132	0	340	0	500	500	0	143	0	357	0
cluzh-gr	naive_weighted	en	3	small	dev	461	461	0	42	0	419	0	500	500	0	51	0	449	0
cluzh-gr	naive_weighted	en	4	large	dev	455	455	0	143	0	312	0	500	500	0	170	0	330	0
cluzh-gr	naive_weighted	en	4	small	dev	449	449	0	41	0	408	0	500	500	0	51	0	449	0
cluzh-gr	naive_weighted	es	0	large	dev	404	403	1	193	1	210	0	500	488	12	239	11	249	1
cluzh-gr	naive_weighted	es	0	small	dev	364	359	5	87	2	272	3	500	447	53	125	31	322	22
cluzh-gr	naive_weighted	es	1	large	dev	451	448	3	210	3	238	0	500	491	9	245	8	246	1
cluzh-gr	naive_weighted	es	1	small	dev	367	365	2	72	0	293	2	500	461	39	114	25	347	14
cluzh-gr	naive_weighted	es	2	large	dev	410	406	4	203	4	203	0	500	491	9	272	9	219	0
cluzh-gr	naive_weighted	es	2	small	dev	384	377	7	99	4	278	3	500	459	41	141	29	318	12
cluzh-gr	naive_weighted	es	3	large	dev	442	441	1	226	1	215	0	500	491	9	264	9	227	0
cluzh-gr	naive_weighted	es	3	small	dev	383	381	2	97	2	284	0	500	472	28	150	18	322	10
cluzh-gr	naive_weighted	es	4	large	dev	366	365	1	182	1	183	0	500	490	10	261	9	229	1
cluzh-gr	naive_weighted	es	4	small	dev	367	365	2	67	1	298	1	500	461	39	122	30	339	9
cluzh-gr	naive_weighted	sw	0	large	dev	355	321	34	300	33	21	1	500	409	91	380	87	29	4
cluzh-gr	naive_weighted	sw	0	small	dev	306	275	31	221	30	54	1	500	343	157	277	149	66	8
cluzh-gr	naive_weighted	sw	1	large	dev	359	325	34	303	34	22	0	500	394	106	366	104	28	2
cluzh-gr	naive_weighted	sw	1	small	dev	341	286	55	208	53	78	2	500	334	166	244	156	90	10
cluzh-gr	naive_weighted	sw	2	large	dev	318	288	30	269	30	19	0	500	371	129	346	125	25	4
cluzh-gr	naive_weighted	sw	2	small	dev	246	220	26	176	21	44	5	500	281	219	231	196	50	23
cluzh-gr	naive_weighted	sw	3	large	dev	381	345	36	304	36	41	0	500	425	75	378	75	47	0
cluzh-gr	naive_weighted	sw	3	small	dev	340	304	36	215	34	89	2	500	372	128	274	121	98	7
cluzh-gr	naive_weighted	sw	4	large	dev	355	318	37	286	37	32	0	500	399	101	358	98	41	3
cluzh-gr	naive_weighted	sw	4	small	dev	346	302	44	243	41	59	3	500	356	144	292	134	64	10
cluzh-gr	naive_weighted	tr	0	large	dev	460	460	0	321	0	139	0	500	495	5	348	5	147	0
cluzh-gr	naive_weighted	tr	0	small	dev	407	396	11	151	8	245	3	500	470	30	188	24	282	6
cluzh-gr	naive_weighted	tr	1	large	dev	456	456	0	325	0	131	0	500	486	14	348	13	138	1
cluzh-gr	naive_weighted	tr	1	small	dev	429	418	11	154	10	264	1	500	470	30	179	18	291	12
cluzh-gr	naive_weighted	tr	2	large	dev	463	463	0	357	0	106	0	500	487	13	376	11	111	2
cluzh-gr	naive_weighted	tr	2	small	dev	416	413	3	169	2	244	1	500	476	24	189	12	287	12
cluzh-gr	naive_weighted	tr	3	large	dev	465	465	0	348	0	117	0	500	486	14	362	13	124	1
cluzh-gr	naive_weighted	tr	3	small	dev	405	396	9	164	7	232	2	500	472	28	192	16	280	12
cluzh-gr	naive_weighted	tr	4	large	dev	453	453	0	324	0	129	0	500	493	7	355	7	138	0
cluzh-gr	naive_weighted	tr	4	small	dev	401	389	12	161	8	228	4	500	475	25	201	16	274	9
cluzh-gr	naive_weighted	ar	0	large	test	830	822	8	326	5	496	3	1000	969	31	386	17	583	14
cluzh-gr	naive_weighted	ar	0	small	test	727	701	26	101	7	600	19	1000	891	109	122	26	769	83
cluzh-gr	naive_weighted	ar	1	large	test	823	816	7	333	4	483	3	1000	964	36	403	12	561	24
cluzh-gr	naive_weighted	ar	1	small	test	770	731	39	110	10	621	29	1000	895	105	137	23	758	82
cluzh-gr	naive_weighted	ar	2	large	test	833	825	8	334	7	491	1	1000	959	41	381	26	578	15
cluzh-gr	naive_weighted	ar	2	small	test	715	690	25	85	7	605	18	1000	907	93	113	19	794	74
cluzh-gr	naive_weighted	ar	3	large	test	838	831	7	348	4	483	3	1000	982	18	412	8	570	10
cluzh-gr	naive_weighted	ar	3	small	test	775	755	20	117	7	638	13	1000	934	66	147	14	787	52
cluzh-gr	naive_weighted	ar	4	large	test	841	830	11	331	7	499	4	1000	966	34	387	20	579	14
cluzh-gr	naive_weighted	ar	4	small	test	768	736	32	99	8	637	24	1000	900	100	132	21	768	79
cluzh-gr	naive_weighted	de	0	large	test	858	858	0	308	0	550	0	1000	999	1	354	0	645	1
cluzh-gr	naive_weighted	de	0	small	test	793	793	0	92	0	701	0	1000	991	9	121	4	870	5
cluzh-gr	naive_weighted	de	1	large	test	887	887	0	318	0	569	0	1000	999	1	353	1	646	0
cluzh-gr	naive_weighted	de	1	small	test	817	806	11	91	7	715	4	1000	964	36	120	14	844	22
cluzh-gr	naive_weighted	de	2	large	test	863	863	0	327	0	536	0	1000	1000	0	383	0	617	0
cluzh-gr	naive_weighted	de	2	small	test	788	784	4	99	1	685	3	1000	986	14	126	3	860	11
cluzh-gr	naive_weighted	de	3	large	test	897	897	0	326	0	571	0	1000	999	1	355	1	644	0
cluzh-gr	naive_weighted	de	3	small	test	839	837	2	95	0	742	2	1000	989	11	112	5	877	6
cluzh-gr	naive_weighted	de	4	large	test	870	869	1	326	1	543	0	1000	997	3	374	2	623	1
cluzh-gr	naive_weighted	de	4	small	test	807	799	8	103	6	696	2	1000	969	31	125	11	844	20
cluzh-gr	naive_weighted	en	0	large	test	920	920	0	249	0	671	0	1000	1000	0	301	0	699	0
cluzh-gr	naive_weighted	en	0	small	test	920	920	0	97	0	823	0	1000	1000	0	117	0	883	0
cluzh-gr	naive_weighted	en	1	large	test	925	925	0	262	0	663	0	1000	1000	0	311	0	689	0
cluzh-gr	naive_weighted	en	1	small	test	918	918	0	89	0	829	0	1000	1000	0	112	0	888	0
cluzh-gr	naive_weighted	en	2	large	test	930	930	0	270	0	660	0	1000	1000	0	311	0	689	0
cluzh-gr	naive_weighted	en	2	small	test	884	884	0	69	0	815	0	1000	1000	0	93	0	907	0
cluzh-gr	naive_weighted	en	3	large	test	928	928	0	263	0	665	0	1000	1000	0	311	0	689	0
cluzh-gr	naive_weighted	en	3	small	test	904	904	0	85	0	819	0	1000	1000	0	106	0	894	0
cluzh-gr	naive_weighted	en	4	large	test	905	905	0	268	0	637	0	1000	1000	0	329	0	671	0
cluzh-gr	naive_weighted	en	4	small	test	917	917	0	83	0	834	0	1000	1000	0	103	0	897	0
cluzh-gr	naive_weighted	es	0	large	test	774	767	7	412	7	355	0	1000	968	32	532	26	436	6
cluzh-gr	naive_weighted	es	0	small	test	749	740	9	203	6	537	3	1000	897	103	284	71	613	32
cluzh-gr	naive_weighted	es	1	large	test	861	861	0	461	0	400	0	1000	984	16	561	16	423	0
cluzh-gr	naive_weighted	es	1	small	test	693	688	5	176	4	512	1	1000	925	75	304	64	621	11
cluzh-gr	naive_weighted	es	2	large	test	889	887	2	443	2	444	0	1000	989	11	530	11	459	0
cluzh-gr	naive_weighted	es	2	small	test	773	770	3	197	3	573	0	1000	924	76	276	55	648	21
cluzh-gr	naive_weighted	es	3	large	test	858	855	3	438	3	417	0	1000	981	19	530	16	451	3
cluzh-gr	naive_weighted	es	3	small	test	735	728	7	178	4	550	3	1000	926	74	293	52	633	22
cluzh-gr	naive_weighted	es	4	large	test	742	740	2	357	1	383	1	1000	981	19	512	18	469	1
cluzh-gr	naive_weighted	es	4	small	test	754	751	3	175	2	576	1	1000	925	75	263	55	662	20
cluzh-gr	naive_weighted	sw	0	large	test	698	629	69	565	69	64	0	1000	802	198	728	194	74	4
cluzh-gr	naive_weighted	sw	0	small	test	616	552	64	422	60	130	4	1000	665	335	527	313	138	22
cluzh-gr	naive_weighted	sw	1	large	test	695	635	60	597	59	38	1	1000	801	199	752	197	49	2
cluzh-gr	naive_weighted	sw	1	small	test	662	573	89	439	82	134	7	1000	684	316	534	287	150	29
cluzh-gr	naive_weighted	sw	2	large	test	635	570	65	515	62	55	3	1000	744	256	681	248	63	8
cluzh-gr	naive_weighted	sw	2	small	test	499	439	60	323	53	116	7	1000	570	430	432	387	138	43
cluzh-gr	naive_weighted	sw	3	large	test	727	641	86	587	86	54	0	1000	820	180	747	178	73	2
cluzh-gr	naive_weighted	sw	3	small	test	681	578	103	434	92	144	11	1000	707	293	531	269	176	24
cluzh-gr	naive_weighted	sw	4	large	test	714	641	73	574	72	67	1	1000	807	193	723	189	84	4
cluzh-gr	naive_weighted	sw	4	small	test	670	599	71	463	67	136	4	1000	741	259	588	244	153	15
cluzh-gr	naive_weighted	tr	0	large	test	919	919	0	652	0	267	0	1000	986	14	707	10	279	4
cluzh-gr	naive_weighted	tr	0	small	test	837	818	19	304	15	514	4	1000	946	54	362	35	584	19
cluzh-gr	naive_weighted	tr	1	large	test	904	904	0	643	0	261	0	1000	970	30	695	29	275	1
cluzh-gr	naive_weighted	tr	1	small	test	836	819	17	344	11	475	6	1000	946	54	395	35	551	19
cluzh-gr	naive_weighted	tr	2	large	test	947	947	0	701	0	246	0	1000	981	19	728	18	253	1
cluzh-gr	naive_weighted	tr	2	small	test	843	836	7	342	3	494	4	1000	951	49	385	24	566	25
cluzh-gr	naive_weighted	tr	3	large	test	920	920	0	662	0	258	0	1000	978	22	711	20	267	2
cluzh-gr	naive_weighted	tr	3	small	test	802	780	22	287	15	493	7	1000	934	66	358	40	576	26
cluzh-gr	naive_weighted	tr	4	large	test	924	923	1	643	0	280	1	1000	981	19	690	17	291	2
cluzh-gr	naive_weighted	tr	4	small	test	823	811	12	313	6	498	6	1000	966	34	390	19	576	15
cluzh-gr	overlap_aware	ar	0	large	dev	315	211	104	39	25	172	79	500	281	219	56	52	225	167
cluzh-gr	overlap_aware	ar	0	small	dev	223	151	72	7	7	144	65	500	214	286	8	24	206	262
cluzh-gr	overlap_aware	ar	1	large	dev	270	114	156	35	51	79	105	500	155	345	47	111	108	234
cluzh-gr	overlap_aware	ar	1	small	dev	175	85	90	10	11	75	79	500	135	365	15	37	120	328
cluzh-gr	overlap_aware	ar	2	large	dev	311	182	129	30	31	152	98	500	231	269	49	71	182	198
cluzh-gr	overlap_aware	ar	2	small	dev	216	135	81	7	6	128	75	500	199	301	17	26	182	275
cluzh-gr	overlap_aware	ar	3	large	dev	264	138	126	23	49	115	77	500	193	307	39	94	154	213
cluzh-gr	overlap_aware	ar	3	small	dev	233	101	132	4	14	97	118	500	144	356	4	38	140	318
cluzh-gr	overlap_aware	ar	4	large	dev	301	148	153	51	47	97	106	500	203	297	69	87	134	210
cluzh-gr	overlap_aware	ar	4	small	dev	220	115	105	9	10	106	95	500	161	339	11	23	150	316
cluzh-gr	overlap_aware	de	0	large	dev	243	145	98	55	25	90	73	500	177	323	69	102	108	221
cluzh-gr	overlap_aware	de	0	small	dev	264	128	136	11	7	117	129	500	163	337	17	35	146	302
cluzh-gr	overlap_aware	de	1	large	dev	317	129	188	44	65	85	123	500	155	345	56	127	99	218
cluzh-gr	overlap_aware	de	1	small	dev	288	117	171	14	23	103	148	500	150	350	15	44	135	306
cluzh-gr	overlap_aware	de	2	large	dev	360	170	190	68	77	102	113	500	189	311	76	120	113	191
cluzh-gr	overlap_aware	de	2	small	dev	317	148	169	15	22	133	147	500	189	311	19	34	170	277
cluzh-gr	overlap_aware	de	3	large	dev	355	236	119	101	40	135	79	500	267	233	109	81	158	152
cluzh-gr	overlap_aware	de	3	small	dev	316	208	108	28	18	180	90	500	262	238	34	35	228	203
cluzh-gr	overlap_aware	de	4	large	dev	194	155	39	31	17	124	22	500	194	306	47	119	147	187
cluzh-gr	overlap_aware	de	4	small	dev	193	135	58	6	6	129	52	500	190	310	10	33	180	277
cluzh-gr	overlap_aware	en	0	large	dev	304	257	47	19	12	238	35	500	262	238	20	68	242	170
cluzh-gr	overlap_aware	en	0	small	dev	303	252	51	5	6	247	45	500	262	238	6	21	256	217
cluzh-gr	overlap_aware	en	1	large	dev	300	299	1	18	0	281	1	500	302	198	18	37	284	161
cluzh-gr	overlap_aware	en	1	small	dev	301	300	1	4	0	296	1	500	302	198	4	12	298	186
cluzh-gr	overlap_aware	en	2	large	dev	89	89	0	14	0	75	0	500	101	399	17	77	84	322
cluzh-gr	overlap_aware	en	2	small	dev	86	86	0	2	0	84	0	500	101	399	2	22	99	377
cluzh-gr	overlap_aware	en	3	large	dev	352	305	47	19	12	286	35	500	318	182	25	48	293	134
cluzh-gr	overlap_aware	en	3	small	dev	337	299	38	2	0	297	38	500	318	182	5	13	313	169
cluzh-gr	overlap_aware	en	4	large	dev	68	68	0	12	0	56	0	500	85	415	17	94	68	321
cluzh-gr	overlap_aware	en	4	small	dev	70	66	4	4	1	62	3	500	85	415	6	25	79	390
cluzh-gr	overlap_aware	es	0	large	dev	198	147	51	121	23	26	28	500	166	334	138	223	28	111
cluzh-gr	overlap_aware	es	0	small	dev	165	121	44	62	15	59	29	500	140	360	75	182	65	178
cluzh-gr	overlap_aware	es	1	large	dev	262	154	108	103	65	51	43	500	189	311	127	213	62	98
cluzh-gr	overlap_aware	es	1	small	dev	247	127	120	36	29	91	91	500	169	331	61	136	108	195
cluzh-gr	overlap_aware	es	2	large	dev	225	117	108	68	49	49	59	500	149	351	94	231	55	120
cluzh-gr	overlap_aware	es	2	small	dev	210	102	108	30	17	72	91	500	134	366	44	142	90	224
cluzh-gr	overlap_aware	es	3	large	dev	203	147	56	101	23	46	33	500	168	332	118	198	50	134
cluzh-gr	overlap_aware	es	3	small	dev	163	126	37	37	6	89	31	500	155	345	45	129	110	216
cluzh-gr	overlap_aware	es	4	large	dev	211	166	45	68	32	98	13	500	212	288	103	195	109	93
cluzh-gr	overlap_aware	es	4	small	dev	184	144	40	21	9	123	31	500	165	335	33	132	132	203
cluzh-gr	overlap_aware	sw	0	large	dev	284	67	217	65	216	2	1	500	74	426	71	415	3	11
cluzh-gr	overlap_aware	sw	0	small	dev	252	63	189	57	176	6	13	500	72	428	65	371	7	57
cluzh-gr	overlap_aware	sw	1	large	dev	260	97	163	94	160	3	3	500	110	390	107	383	3	7
cluzh-gr	overlap_aware	sw	1	small	dev	299	91	208	76	192	15	16	500	102	398	86	364	16	34
cluzh-gr	overlap_aware	sw	2	large	dev	283	58	225	57	223	1	2	500	63	437	62	431	1	6
cluzh-gr	overlap_aware	sw	2	small	dev	268	58	210	52	187	6	23	500	59	441	53	385	6	56
cluzh-gr	overlap_aware	sw	3	large	dev	297	72	225	68	218	4	7	500	77	423	73	414	4	9
cluzh-gr	overlap_aware	sw	3	small	dev	257	63	194	57	180	6	14	500	70	430	64	400	6	30
cluzh-gr	overlap_aware	sw	4	large	dev	259	55	204	54	196	1	8	500	57	443	56	413	1	30
cluzh-gr	overlap_aware	sw	4	small	dev	245	48	197	43	173	5	24	500	50	450	45	378	5	72
cluzh-gr	overlap_aware	tr	0	large	dev	251	167	84	128	67	39	17	500	185	315	139	263	46	52
cluzh-gr	overlap_aware	tr	0	small	dev	192	128	64	51	21	77	43	500	160	340	65	158	95	182
cluzh-gr	overlap_aware	tr	1	large	dev	237	174	63	128	47	46	16	500	217	283	167	229	50	54
cluzh-gr	overlap_aware	tr	1	small	dev	184	122	62	47	22	75	40	500	170	330	65	133	105	197
cluzh-gr	overlap_aware	tr	2	large	dev	215	142	73	107	54	35	19	500	216	284	169	229	47	55
cluzh-gr	overlap_aware	tr	2	small	dev	189	118	71	36	24	82	47	500	155	345	50	168	105	177
cluzh-gr	overlap_aware	tr	3	large	dev	216	187	29	133	16	54	13	500	270	230	201	164	69	66
cluzh-gr	overlap_aware	tr	3	small	dev	207	172	35	61	7	111	28	500	202	298	71	121	131	177
cluzh-gr	overlap_aware	tr	4	large	dev	204	137	67	102	43	35	24	500	166	334	126	250	40	84
cluzh-gr	overlap_aware	tr	4	small	dev	172	111	61	39	22	72	39	500	129	371	45	153	84	218
cluzh-gr	overlap_aware	ar	0	large	test	723	415	308	73	71	342	237	1000	497	503	84	106	413	397
cluzh-gr	overlap_aware	ar	0	small	test	536	369	167	16	13	353	154	1000	486	514	23	33	463	481
cluzh-gr	overlap_aware	ar	1	large	test	673	419	254	95	55	324	199	1000	500	500	114	103	386	397
cluzh-gr	overlap_aware	ar	1	small	test	502	343	159	17	7	326	152	1000	469	531	30	25	439	506
cluzh-gr	overlap_aware	ar	2	large	test	721	424	297	78	64	346	233	1000	500	500	99	114	401	386
cluzh-gr	overlap_aware	ar	2	small	test	533	347	186	20	11	327	175	1000	477	523	29	40	448	483
cluzh-gr	overlap_aware	ar	3	large	test	650	394	256	76	61	318	195	1000	499	501	101	121	398	380
cluzh-gr	overlap_aware	ar	3	small	test	566	334	232	27	20	307	212	1000	479	521	42	42	437	479
cluzh-gr	overlap_aware	ar	4	large	test	729	433	296	110	51	323	245	1000	499	501	122	97	377	404
cluzh-gr	overlap_aware	ar	4	small	test	577	358	219	27	11	331	208	1000	473	527	29	25	444	502
cluzh-gr	overlap_aware	de	0	large	test	612	433	179	165	33	268	146	1000	500	500	187	139	313	361
cluzh-gr	overlap_aware	de	0	small	test	618	383	235	59	13	324	222	1000	496	504	67	37	429	467
cluzh-gr	overlap_aware	de	1	large	test	696	430	266	84	90	346	176	1000	500	500	100	178	400	322
cluzh-gr	overlap_aware	de	1	small	test	622	371	251	19	33	352	218	1000	499	501	30	66	469	435
cluzh-gr	overlap_aware	de	2	large	test	727	436	291	130	101	306	190	1000	500	500	152	165	348	335
cluzh-gr	overlap_aware	de	2	small	test	652	397	255	45	29	352	226	1000	500	500	53	52	447	448
cluzh-gr	overlap_aware	de	3	large	test	684	437	247	154	40	283	207	1000	500	500	178	112	322	388
cluzh-gr	overlap_aware	de	3	small	test	591	394	197	43	12	351	185	1000	500	500	53	36	447	464
cluzh-gr	overlap_aware	de	4	large	test	493	417	76	98	25	319	51	1000	500	500	120	154	380	346
cluzh-gr	overlap_aware	de	4	small	test	500	398	102	23	10	375	92	1000	500	500	32	54	468	446
cluzh-gr	overlap_aware	en	0	large	test	592	486	106	42	26	444	80	1000	500	500	47	114	453	386
cluzh-gr	overlap_aware	en	0	small	test	584	475	109	9	10	466	99	1000	500	500	12	26	488	474
cluzh-gr	overlap_aware	en	1	large	test	497	496	1	48	0	448	1	1000	500	500	49	131	451	369
cluzh-gr	overlap_aware	en	1	small	test	494	492	2	12	0	480	2	1000	500	500	13	26	487	474
cluzh-gr	overlap_aware	en	2	large	test	421	418	3	91	2	327	1	1000	500	500	101	115	399	385
cluzh-gr	overlap_aware	en	2	small	test	409	409	0	19	0	390	0	1000	500	500	22	33	478	467
cluzh-gr	overlap_aware	en	3	large	test	602	473	129	54	30	419	99	1000	500	500	59	124	441	376
cluzh-gr	overlap_aware	en	3	small	test	578	468	110	21	5	447	105	1000	500	500	22	36	478	464
cluzh-gr	overlap_aware	en	4	large	test	440	440	0	86	0	354	0	1000	500	500	102	118	398	382
cluzh-gr	overlap_aware	en	4	small	test	418	416	2	24	0	392	2	1000	500	500	28	30	472	470
cluzh-gr	overlap_aware	es	0	large	test	536	444	92	299	30	145	62	1000	500	500	348	211	152	289
cluzh-gr	overlap_aware	es	0	small	test	463	394	69	161	15	233	54	1000	493	507	216	119	277	388
cluzh-gr	overlap_aware	es	1	large	test	606	453	153	232	56	221	97	1000	500	500	270	291	230	209
cluzh-gr	overlap_aware	es	1	small	test	566	387	179	100	23	287	156	1000	489	511	145	163	344	348
cluzh-gr	overlap_aware	es	2	large	test	596	449	147	244	46	205	101	1000	500	500	273	284	227	216
cluzh-gr	overlap_aware	es	2	small	test	546	406	140	95	12	311	128	1000	490	510	125	154	365	356
cluzh-gr	overlap_aware	es	3	large	test	535	431	104	248	44	183	60	1000	499	501	303	276	196	225
cluzh-gr	overlap_aware	es	3	small	test	467	402	65	104	6	298	59	1000	488	512	160	160	328	352
cluzh-gr	overlap_aware	es	4	large	test	508	425	83	153	48	272	35	1000	500	500	210	339	290	161
cluzh-gr	overlap_aware	es	4	small	test	480	414	66	64	14	350	52	1000	491	509	105	181	386	328
cluzh-gr	overlap_aware	sw	0	large	test	717	453	264	439	260	14	4	1000	492	508	476	496	16	12
cluzh-gr	overlap_aware	sw	0	small	test	663	426	237	366	216	60	21	1000	474	526	407	457	67	69
cluzh-gr	overlap_aware	sw	1	large	test	627	436	191	424	184	12	7	1000	499	501	485	490	14	11
cluzh-gr	overlap_aware	sw	1	small	test	679	433	246	376	231	57	15	1000	474	526	414	480	60	46
cluzh-gr	overlap_aware	sw	2	large	test	733	460	273	445	265	15	8	1000	500	500	485	489	15	11
cluzh-gr	overlap_aware	sw	2	small	test	733	437	296	359	264	78	32	1000	478	522	397	465	81	57
cluzh-gr	overlap_aware	sw	3	large	test	732	434	298	419	286	15	12	1000	495	505	480	492	15	13
cluzh-gr	overlap_aware	sw	3	small	test	697	419	278	369	255	50	23	1000	482	518	423	479	59	39
cluzh-gr	overlap_aware	sw	4	large	test	715	463	252	422	238	41	14	1000	498	502	456	468	42	34
cluzh-gr	overlap_aware	sw	4	small	test	661	411	250	336	221	75	29	1000	478	522	393	445	85	77
cluzh-gr	overlap_aware	tr	0	large	test	660	473	187	332	137	141	50	1000	498	502	353	373	145	129
cluzh-gr	overlap_aware	tr	0	small	test	635	427	208	112	61	315	147	1000	484	516	134	158	350	358
cluzh-gr	overlap_aware	tr	1	large	test	688	460	228	322	173	138	55	1000	499	501	354	388	145	113
cluzh-gr	overlap_aware	tr	1	small	test	607	412	195	106	60	306	135	1000	487	513	132	167	355	346
cluzh-gr	overlap_aware	tr	2	large	test	497	316	181	211	120	105	61	1000	500	500	344	367	156	133
cluzh-gr	overlap_aware	tr	2	small	test	627	418	209	122	65	296	144	1000	484	516	141	155	343	361
cluzh-gr	overlap_aware	tr	3	large	test	505	389	116	267	79	122	37	1000	500	500	355	351	145	149
cluzh-gr	overlap_aware	tr	3	small	test	515	428	87	115	29	313	58	1000	482	518	130	174	352	344
cluzh-gr	overlap_aware	tr	4	large	test	607	454	153	340	111	114	42	1000	500	500	376	346	124	154
cluzh-gr	overlap_aware	tr	4	small	test	580	429	151	155	53	274	98	1000	490	510	175	157	315	353
